1.033,30,30,65
B0,mixamorig_Hips,-1,0.9918250441551208,0.025586454197764397,-0.12495142966508865,0,-0.02102184109389782,0.9990675449371338,0.037677086889743805,0,0.1257983148097992,-0.03474583849310875,0.991438627243042,0,3.4349617958068848,90.299560546875,-0.5777957439422607,1
B1,mixamorig_Spine,0,0.9997121691703796,0.0014580169226974249,0.02393634431064129,0,0.000709346029907465,0.9959166049957275,-0.0902692899107933,0,-0.023971103131771088,0.09026030451059341,0.9956292510032654,0,0,10.36929988861084,-1.0242999792099,1
B2,mixamorig_Spine1,1,0.9986019730567932,-0.0028115136083215475,0.05274059623479843,0,0.0019646009895950556,0.9998664259910583,0.01615789160132408,0,-0.05278047174215317,-0.016033556312322617,0.9984748363494873,0,0,12.156399726867676,0,1
B3,mixamorig_Spine2,2,0.9986019730567932,-0.0028115136083215475,0.05274059623479843,0,0.0019646009895950556,0.9998664259910583,0.01615789160132408,0,-0.05278047174215317,-0.016033556312322617,0.9984748363494873,0,0,13.892999649047852,0,1
B4,mixamorig_Neck,3,0.9986292123794556,-0.04486691579222679,-0.02691473998129368,0,0.04775417968630791,0.9917818903923035,0.11855953931808472,0,0.0213832575827837,-0.11968360841274261,0.9925664663314819,0,0,15.629599571228027,0,1
B5,mixamorig_Head,4,0.9977156519889832,0.06641330569982529,-0.012015288695693016,0,-0.06633075326681137,0.9977601766586304,0.007211169693619013,0,0.012457000091671944,-0.006397156044840813,0.9998946785926819,0,0,5.48330020904541,1.5434000492095947,1
B6,mixamorig_HeadTop_End,5,1,0,0,0,0,1,0,0,0,0,1,0,0,25.40130043029785,7.149700164794922,1
B7,mixamorig_LeftShoulder,3,0.24004843831062317,0.011633859016001225,-0.9706910848617554,0,0.8215999007225037,-0.5350285768508911,0.19676660001277924,0,-0.5170580148696899,-0.8447536826133728,-0.13799169659614563,0,6.321199893951416,13.84220027923584,-0.2069000005722046,1
B8,mixamorig_LeftArm,7,0.9936350584030151,-0.03664783388376236,0.10635307431221008,0,-0.02377350628376007,0.8556042909622192,0.5170552730560303,0,-0.1099618673324585,-0.5163165926933289,0.8492932319641113,0,0,13.3927001953125,0,1
B9,mixamorig_LeftForeArm,8,0.5272205471992493,0.8432223200798035,-0.10493750125169754,0,-0.800632655620575,0.5343266129493713,0.27107012271881104,0,0.2846437990665436,-0.05889913812279701,0.9568217396736145,0,0,27.344999313354492,0,1
B10,mixamorig_LeftHand,9,0.967433750629425,-0.047973062843084335,-0.24822209775447845,0,0.011049135588109493,0.9886746406555176,-0.14797772467136383,0,0.25232425332069397,0.14045552909374237,0.9572141766548157,0,0,23.056400299072266,0,1
B11,mixamorig_LeftHandThumb1,10,0.9549639821052551,0.29308199882507324,0.04632600024342537,0,-0.2723619043827057,0.8038679957389832,0.5287870168685913,0,0.11773800104856491,-0.5175909996032715,0.8474889993667603,0,-2.872999906539917,2.967400074005127,1.3085999488830566,1
B12,mixamorig_LeftHandThumb2,11,0.998091995716095,0.06095900014042854,0.009858000092208385,0,-0.06078999862074852,0.9980109930038452,-0.016665000468492508,0,-0.010854913853108883,0.016033999621868134,0.9998130202293396,0,-0.6026999950408936,3.413300037384033,0,1
B13,mixamorig_LeftHandThumb3,12,0.9851070046424866,0.17188799381256104,0.004346000030636787,0,-0.17188599705696106,0.9851160049438477,-0.0008270000107586384,0,-0.004424000158905983,0.00006800000119255856,0.9999899864196777,0,0.052000001072883606,3.388000011444092,0,1
B14,mixamorig_LeftHandThumb4,13,1,0,0,0,0,1,0,0,0,0,1,0,0.5507000088691711,2.893199920654297,0,1
B15,mixamorig_LeftHandIndex1,10,0.979781985282898,0.19957277178764343,0.0140564339235425,0,-0.17417947947978973,0.8163319826126099,0.5506938099861145,0,0.09842893481254578,-0.5420084595680237,0.834588885307312,0,-3.5892999172210693,9.81760025024414,0.1607999950647354,1
B16,mixamorig_LeftHandIndex2,15,0.9974068999290466,0.04328536614775658,0.05748964101076126,0,-0.06960183382034302,0.3773091733455658,0.9234593510627747,0,0.018282268196344376,-0.9250662922859192,0.3793439269065857,0,0.01810000091791153,3.3076999187469482,0,1
B17,mixamorig_LeftHandIndex3,16,0.9999949932098389,-0.00311408587731421,0.0001880000054370612,0,0.00311408587731421,0.9999949932098389,9.999999974752427e-7,0,-0.0001880000054370612,0,1,0,-0.005400000140070915,3.035399913787842,0,1
B18,mixamorig_LeftHandIndex4,17,1,0,0,0,0,1,0,0,0,0,1,0,-0.012799999676644802,2.615799903869629,0,1
B19,mixamorig_LeftHandMiddle1,10,0.9678166508674622,0.2218482792377472,0.11880055069923401,0,-0.22620193660259247,0.5600072145462036,0.7970099449157715,0,0.1102861613035202,-0.7982316017150879,0.5921676754951477,0,-1.028499960899353,10.135100364685059,-0.2045000046491623,1
B20,mixamorig_LeftHandMiddle2,19,0.9935026168823242,0.07406087964773178,0.08641127496957779,0,-0.0890042632818222,0.03246629610657692,0.9954935908317566,0,0.07092244923114777,-0.9967173337936401,0.0388466976583004,0,0.01549999974668026,3.486299991607666,0,1
B21,mixamorig_LeftHandMiddle3,20,0.9999989867210388,0.001383999944664538,-0.00008099999831756577,0,-0.001383999944664538,0.9999989867210388,0,0,0.00008099999831756577,0,1,0,-0.010300000198185444,3.2600998878479004,0,1
B22,mixamorig_LeftHandMiddle4,21,1,0,0,0,0,1,0,0,0,0,1,0,-0.005200000014156103,2.9296000003814697,0,1
B23,mixamorig_LeftHandRing1,10,0.9826596975326538,0.049792803823947906,0.1786065399646759,0,-0.17580977082252502,0.5562585592269897,0.8121989369392395,0,-0.058910246938467026,-0.8295157551765442,0.5553671717643738,0,1.1486999988555908,10.207799911499023,-0.2809999883174896,1
B24,mixamorig_LeftHandRing2,23,0.9984307885169983,0.04745437577366829,0.029730675742030144,0,-0.02903437241911888,-0.01527787558734417,0.9994533658027649,0,0.04788289964199066,-0.9987487196922302,-0.0138759296387434,0,-0.004000000189989805,2.86080002784729,0,1
B25,mixamorig_LeftHandRing3,24,0.9999840259552002,0.00559299997985363,0.00020199999562464654,0,-0.00559299997985363,0.9999840259552002,-9.999999974752427e-7,0,-0.00020199999562464654,0,1,0,-0.004900000058114529,2.768399953842163,0,1
B26,mixamorig_LeftHandRing4,25,1,0,0,0,0,1,0,0,0,0,1,0,0.008899999782443047,2.3282999992370605,0,1
B27,mixamorig_LeftHandPinky1,10,0.9728325605392456,-0.017391888424754143,0.23085635900497437,0,-0.20429262518882751,0.404617041349411,0.8913751840591431,0,-0.10891150683164597,-0.9143206477165222,0.3900710344314575,0,3.469099998474121,9.014800071716309,0.09000000357627869,1
B28,mixamorig_LeftHandPinky2,27,0.9964287877082825,0.0841483548283577,0.006940836552530527,0,-0.019104503095149994,0.1446167677640915,0.989295482635498,0,0.08224394917488098,-0.9858949780464172,0.14570780098438263,0,0.013500000350177288,2.674999952316284,0,1
B29,mixamorig_LeftHandPinky3,28,0.9999979734420776,-0.0017509999452158809,0.000029000000722589903,0,0.0017509999452158809,0.9999979734420776,0,0,-0.000029000000722589903,0,1,0,-0.005499999970197678,2.3036000728607178,0,1
B30,mixamorig_LeftHandPinky4,29,1,0,0,0,0,1,0,0,0,0,1,0,-0.00800000037997961,1.9332000017166138,0,1
B31,mixamorig_RightShoulder,3,0.010890637524425983,-0.048141296952962875,0.9987786412239075,0,-0.8169748187065125,-0.5763620138168335,-0.01887228712439537,0,0.5765671730041504,-0.8157749772071838,-0.045607343316078186,0,-6.321199893951416,13.836299896240234,-0.1467999964952469,1
B32,mixamorig_RightArm,31,0.8848220109939575,0.4031427800655365,0.23307448625564575,0,-0.45573994517326355,0.6468695998191833,0.6112423539161682,0,0.09563490748405457,-0.6472162008285522,0.7562795877456665,0,0,13.3927001953125,0,1
B33,mixamorig_RightForeArm,32,0.8805184960365295,-0.32870835065841675,0.34124189615249634,0,0.29359251260757446,0.9437564611434937,0.1515449583530426,0,-0.3718888759613037,-0.033193640410900116,0.9276652336120605,0,0,27.351600646972656,0,1
B34,mixamorig_RightHand,33,0.9789179563522339,0.01245860941708088,0.20274582505226135,0,-0.0042768847197294235,0.9988549947738647,-0.04109707474708557,0,-0.2028581202030182,0.039261046797037125,0.9783217906951904,0,0,23.05459976196289,0,1
B35,mixamorig_RightHandThumb1,34,0.9157852530479431,-0.3780689537525177,-0.1355629712343216,0,0.40099456906318665,0.8422297835350037,0.36019158363342285,0,-0.022036075592041016,-0.38420000672340393,0.9229310750961304,0,2.896399974822998,3.0095999240875244,1.3174999952316284,1
B36,mixamorig_RightHandThumb2,35,0.9190627336502075,0.07582295686006546,0.38674747943878174,0,-0.15642273426055908,0.970892608165741,0.18137486279010773,0,-0.3617367148399353,-0.22719137370586395,0.9041733741760254,0,0.6165000200271606,3.449199914932251,0,1
B37,mixamorig_RightHandThumb3,36,0.9864299893379211,-0.1637050062417984,-0.01252591423690319,0,0.16368800401687622,0.9865090250968933,-0.0023759999312460423,0,0.012745914049446583,0.000293085933662951,0.9999189972877502,0,-0.07800000160932541,3.388700008392334,0,1
B38,mixamorig_RightHandThumb4,37,1,0,0,0,0,1,0,0,0,0,1,0,-0.5383999943733215,2.838399887084961,0,1
B39,mixamorig_RightHandIndex1,34,0.9971112608909607,-0.06713051348924637,-0.03553369641304016,0,0.07575327903032303,0.844893217086792,0.5295401215553284,0,-0.005526845809072256,-0.5307023525238037,0.8475379943847656,0,3.58489990234375,9.87399959564209,0.15649999678134918,1
B40,mixamorig_RightHandIndex2,39,0.9979878067970276,-0.003789216745644808,-0.06329824030399323,0,0.05773020535707474,0.4672090709209442,0.8822427988052368,0,0.026227232068777084,-0.8841215968132019,0.466487854719162,0,-0.016300000250339508,3.2314999103546143,0,1
B41,mixamorig_RightHandIndex3,40,0.9999949932098389,-0.0032889998983591795,0.00012799999967683107,0,0.0032889998983591795,0.9999949932098389,0,0,-0.00012799999967683107,9.140516112893238e-7,1,0,0.013399999588727951,3.0573999881744385,0,1
B42,mixamorig_RightHandIndex4,41,1,0,0,0,0,1,0,0,0,0,1,0,0.002899999963119626,2.6512999534606934,0,1
B43,mixamorig_RightHandMiddle1,34,0.9935091733932495,-0.08065462112426758,-0.08021758496761322,0,0.1137380450963974,0.7154728174209595,0.6892909407615662,0,0.001796494354493916,-0.6939411163330078,0.7200021147727966,0,1.0056999921798706,9.994999885559082,-0.24220000207424164,1
B44,mixamorig_RightHandMiddle2,43,0.9961608648300171,-0.011254695244133472,-0.08681019395589828,0,0.08448227494955063,0.38322558999061584,0.9197685718536377,0,0.022913994267582893,-0.9235724210739136,0.3827052414417267,0,-0.014399999752640724,3.5109000205993652,0,1
B45,mixamorig_RightHandMiddle3,44,0.999983012676239,-0.005821086000651121,0.00022400000307243317,0,0.005821086000651121,0.999983012676239,0,0,-0.00022400000307243317,9.999999974752427e-7,1,0,0.01679999940097332,3.3538999557495117,0,1
B46,mixamorig_RightHandMiddle4,45,1,0,0,0,0,1,0,0,0,0,1,0,-0.002400000113993883,2.953900098800659,0,1
B47,mixamorig_RightHandRing1,34,0.9905081391334534,-0.1275724172592163,-0.05117693915963173,0,0.12907524406909943,0.7352294921875,0.6653968095779419,0,-0.04725925624370575,-0.6656865477561951,0.7447172999382019,0,-1.138800024986267,10.1673002243042,-0.31459999084472656,1
B48,mixamorig_RightHandRing2,47,0.9962505102157593,-0.08460898697376251,-0.018073443323373795,0,0.040756355971097946,0.2746909260749817,0.9606572389602661,0,-0.07631726562976837,-0.9577913880348206,0.2771089971065521,0,0.006599999964237213,2.8643999099731445,0,1
B49,mixamorig_RightHandRing3,48,0.9999300241470337,-0.011831999756395817,-0.0005579999997280538,0,0.011831999756395817,0.9999300241470337,-0.000003999999989900971,0,0.0005579999997280538,-0.0000019999999949504854,1,0,0.01119999960064888,2.7836999893188477,0,1
B50,mixamorig_RightHandRing4,49,1,0,0,0,0,1,0,0,0,0,1,0,-0.017799999564886093,2.279400110244751,0,1
B51,mixamorig_RightHandPinky1,34,0.9793615937232971,-0.19685575366020203,-0.04580419510602951,0,0.18306246399879456,0.767921507358551,0.6138182282447815,0,-0.0856633260846138,-0.609533965587616,0.7881109714508057,0,-3.4518001079559326,9.111100196838379,0.11490000039339066,1
B52,mixamorig_RightHandPinky2,51,0.9874043464660645,-0.15508414804935455,-0.031340520828962326,0,0.05501580238342285,0.1508132815361023,0.987021803855896,0,-0.14834611117839813,-0.9763134121894836,0.15744562447071075,0,-0.017999999225139618,2.6489999294281006,0,1
B53,mixamorig_RightHandPinky3,52,0.9999979734420776,0.0019890000112354755,-0.00008299999899463728,0,-0.0019890000112354755,0.9999979734420776,9.140516112893238e-7,0,0.00008299999899463728,0,1,0,0.007799999788403511,2.283099889755249,0,1
B54,mixamorig_RightHandPinky4,53,1,0,0,0,0,1,0,0,0,0,1,0,0.010300000198185444,1.9055999517440796,0,1
B55,mixamorig_LeftUpLeg,0,-0.9785071611404419,-0.07659713178873062,0.19135765731334686,0,0.05091512203216553,-0.9893712401390076,-0.13548220694065094,0,0.199777752161026,-0.1228104904294014,0.9720251560211182,0,8.932900428771973,-5.757400035858154,-1.0821000337600708,1
B56,mixamorig_LeftLeg,55,0.930608868598938,-0.19324766099452972,-0.3107490837574005,0,-0.00626575481146574,0.8406099081039429,-0.5415014624595642,0,0.36583101749420166,0.5059170722961426,0.7811270356178284,0,0,40.515499114990234,0,1
B57,mixamorig_LeftFoot,56,0.9739568829536438,0.15627743303775787,0.16420376300811768,0,-0.19582997262477875,0.21554218232631683,0.9566032886505127,0,0.1141321137547493,-0.9638501405715942,0.24055138230323792,0,0,37.743099212646484,0,1
B58,mixamorig_LeftToeBase,57,0.9841914176940918,-0.050504717975854874,0.16970175504684448,0,-0.12732703983783722,0.46441173553466797,0.8762652277946472,0,-0.12308991700410843,-0.884018063545227,0.45064184069633484,0,0,20.044099807739258,0,1
B59,mixamorig_LeftToe_End,58,1,0,0,0,0,1,0,0,0,0,1,0,0,7.662399768829346,0,1
B60,mixamorig_RightUpLeg,0,-0.9923277497291565,0.04078742116689682,-0.11668132245540619,0,-0.1037672907114029,-0.7876850366592407,0.6070548295974731,0,-0.0671905130147934,0.6145097017288208,0.7858754992485046,0,-8.932900428771973,-5.757400035858154,-0.8281000256538391,1
B61,mixamorig_RightLeg,60,0.9996883273124695,0.002655457239598036,-0.0245282631367445,0,-0.009605956263840199,0.9549123644828796,-0.2939799427986145,0,0.02268216758966446,0.29412782192230225,0.9546397924423218,0,0,40.53129959106445,0,1
B62,mixamorig_RightFoot,61,0.9934300780296326,-0.010342617519199848,-0.1138639897108078,0,0.11206599324941635,0.2864260673522949,0.9515118598937988,0,0.022776147350668907,-0.9580203294754028,0.2857057452201843,0,0,37.73590087890625,0,1
B63,mixamorig_RightToeBase,62,0.998506486415863,0.01100653875619173,-0.053449928760528564,0,0.03424181416630745,0.6350370049476624,0.7713748812675476,0,0.04246563836932182,-0.7720565795898438,0.6337093114852905,0,0,19.978700637817383,0,1
B64,mixamorig_RightToe_End,63,1,0,0,0,0,1,0,0,0,0,1,0,0,7.69980001449585,0,1
@52,0,1,2,3,4,5,7,8,9,10,11,12,13,15,16,17,19,20,21,23,24,25,27,28,29,31,32,33,34,35,36,37,39,40,41,43,44,45,47,48,49,51,52,53,55,56,57,58,60,61,62,63
K0.000,0.9981989860534668,-0.03557800129055977,-0.048305001109838486,0,0.03638400137424469,0.9992110133171082,0.015912000089883804,0,0.04770100116729736,-0.01764100044965744,0.9987059831619263,0,-0.09169299900531769,94.58621215820312,1.07395601272583,1,0.9998840093612671,0.014245999976992607,-0.005392000079154968,0,-0.014693000353872776,0.995389997959137,-0.09478200227022171,0,0.004017000086605549,0.09485000371932983,0.9954829812049866,0,0,10.36929988861084,-1.0242999792099,1,0.9998890161514282,0.009894000366330147,-0.011106999590992928,0,-0.00981799978762865,0.9999290108680725,0.0068259998224675655,0,0.01117399986833334,-0.0067159999161958694,0.9999150037765503,0,0,12.156399726867676,0,1,0.9998890161514282,0.009894000366330147,-0.011106999590992928,0,-0.00981799978762865,0.9999290108680725,0.0068259998224675655,0,0.01117399986833334,-0.0067159999161958694,0.9999150037765503,0,0,13.892999649047852,0,1,0.9997460246086121,-0.021763000637292862,0.005847000051289797,0,0.02108299918472767,0.9949259757995605,0.0983709990978241,0,-0.007957999594509602,-0.09822200238704681,0.9951329827308655,0,0,15.629599571228027,0,1,0.9980499744415283,0.030729999765753746,0.054322000592947006,0,-0.033250000327825546,0.9983829855918884,0.04610700160264969,0,-0.05281699821352959,-0.04782300069928169,0.9974579811096191,0,0,5.48330020904541,1.5434000492095947,1,0.1973389983177185,0.020005999132990837,-0.9801309704780579,0,0.8234310150146484,-0.5459359884262085,0.15464499592781067,0,-0.5319949984550476,-0.8375880122184753,-0.124208003282547,0,6.321199893951416,13.84220027923584,-0.2069000005722046,1,0.9859259724617004,-0.13121800124645233,0.10359600186347961,0,0.046289000660181046,0.8096849918365479,0.5850369930267334,0,-0.16064700484275818,-0.5720080137252808,0.8043630123138428,0,0,13.3927001953125,0,1,0.8175370097160339,0.51910400390625,-0.24932900071144104,0,-0.44783198833465576,0.8452799916267395,0.29145899415016174,0,0.36204999685287476,-0.12662099301815033,0.9235190153121948,0,0,27.344999313354492,0,1,0.919750988483429,0.06251700222492218,-0.3874930143356323,0,-0.14072300493717194,0.9741250276565552,-0.17685599625110626,0,0.3664099872112274,0.21719299256801605,0.9047489762306213,0,0,23.056400299072266,0,1,0.9549639821052551,0.29308199882507324,0.04632600024342537,0,-0.27236199378967285,0.803866982460022,0.5287879705429077,0,0.11773800104856491,-0.5175909996032715,0.8474889993667603,0,-2.872999906539917,2.967400074005127,1.3085999488830566,1,0.998091995716095,0.06095900014042854,0.009858000092208385,0,-0.06078999862074852,0.9980109930038452,-0.016665000468492508,0,-0.010854000225663185,0.016033999621868134,0.9998130202293396,0,-0.6026999950408936,3.413300037384033,0,1,0.9851070046424866,0.17188799381256104,0.004346999805420637,0,-0.17188599705696106,0.9851170182228088,-0.0008270000107586384,0,-0.004424000158905983,0.00006800000119255856,0.9999899864196777,0,0.052000001072883606,3.388000011444092,0,1,0.9867299795150757,0.16054099798202515,0.02429400011897087,0,-0.1354379951953888,0.7312780022621155,0.6684979796409607,0,0.0895560011267662,-0.6629170179367065,0.7433170080184937,0,-3.5892999172210693,9.81760025024414,0.1607999950647354,1,0.9952679872512817,0.05057099834084511,0.08297300338745117,0,-0.08909100294113159,0.13403800129890442,0.9869629740715027,0,0.038791000843048096,-0.9896849989891052,0.13790899515151978,0,0.01810000091791153,3.3076999187469482,0,1,0.9999949932098389,-0.0031139999628067017,0.0001880000054370612,0,0.0031139999628067017,0.9999949932098389,0,0,-0.0001880000054370612,0,1,0,-0.005400000140070915,3.035399913787842,0,1,0.9736670255661011,0.18697500228881836,0.13043400645256042,0,-0.20190900564193726,0.44158101081848145,0.8742079734802246,0,0.10585799813270569,-0.8775230050086975,0.46770501136779785,0,-1.028499960899353,10.135100364685059,-0.2045000046491623,1,0.9913300275802612,0.07257399708032608,0.10953100025653839,0,-0.09134399890899658,-0.21856099367141724,0.9715390205383301,0,0.09444800019264221,-0.9731209874153137,-0.2100369930267334,0,0.01549999974668026,3.486299991607666,0,1,0.9999989867210388,0.0013849999522790313,-0.00008099999831756577,0,-0.0013849999522790313,0.9999989867210388,0,0,0.00008099999831756577,0,1,0,-0.010300000198185444,3.2600998878479004,0,1,0.980463981628418,0.015974000096321106,0.1960500031709671,0,-0.18346799910068512,0.4336400032043457,0.8822110295295715,0,-0.07092300057411194,-0.9009450078010559,0.42809900641441345,0,1.1486999988555908,10.207799911499023,-0.2809999883174896,1,0.9981920123100281,0.04686800017952919,0.037636999040842056,0,-0.023910000920295715,-0.2648960053920746,0.9639800190925598,0,0.055149998515844345,-0.9631369709968567,-0.2632969915866852,0,-0.004000000189989805,2.86080002784729,0,1,0.9999840259552002,0.00559299997985363,0.00020199999562464654,0,-0.00559299997985363,0.9999840259552002,0,0,-0.00020199999562464654,0,1,0,-0.004900000058114529,2.768399953842163,0,1,0.9660210013389587,-0.048973001539707184,0.2537820041179657,0,-0.23143699765205383,0.27323898673057556,0.9336900115013123,0,-0.11506800353527069,-0.9606990218162537,0.25262001156806946,0,3.469099998474121,9.014800071716309,0.09000000357627869,1,0.9963719844818115,0.08476199954748154,0.007590000052005053,0,0.001500000013038516,-0.10666900128126144,0.9942929744720459,0,0.08508799970149994,-0.9906749725341797,-0.1064089983701706,0,0.013500000350177288,2.674999952316284,0,1,0.9999979734420776,-0.0017509999452158809,0.000029000000722589903,0,0.0017509999452158809,0.9999979734420776,0,0,-0.000029000000722589903,0,1,0,-0.005499999970197678,2.3036000728607178,0,1,0.07790499925613403,-0.03526899963617325,0.9963369965553284,0,-0.8331680297851562,-0.5511339902877808,0.04563700035214424,0,0.5475050210952759,-0.833670973777771,-0.07232099771499634,0,-6.321199893951416,13.836299896240234,-0.1467999964952469,1,0.9247620105743408,0.377250999212265,-0.04996800050139427,0,-0.2654919922351837,0.7336570024490356,0.6255090236663818,0,0.27263298630714417,-0.5651810169219971,0.7786149978637695,0,0,13.3927001953125,0,1,0.8987759947776794,-0.4018779993057251,0.1751990020275116,0,0.340489000082016,0.8916109800338745,0.29849299788475037,0,-0.27616700530052185,-0.20862500369548798,0.9381939768791199,0,0,27.351600646972656,0,1,0.8945549726486206,0.0381929986178875,0.44532400369644165,0,0.011272000148892403,0.9940980076789856,-0.10790000110864639,0,-0.44681599736213684,0.10154200345277786,0.8888440132141113,0,0,23.05459976196289,0,1,0.9454579949378967,-0.31864699721336365,-0.06762000173330307,0,0.3222289979457855,0.8844799995422363,0.3374359905719757,0,-0.0477139987051487,-0.3408209979534149,0.9389169812202454,0,2.896399974822998,3.0095999240875244,1.3174999952316284,1,0.9234790205955505,0.030933000147342682,0.3824000060558319,0,-0.09996200352907181,0.981715977191925,0.16199100017547607,0,-0.37039700150489807,-0.18782100081443787,0.9096860289573669,0,0.6165000200271606,3.449199914932251,0,1,0.9864299893379211,-0.1637050062417984,-0.012524999678134918,0,0.16368800401687622,0.9865090250968933,-0.0023759999312460423,0,0.012745000422000885,0.00029299999005161226,0.9999189972877502,0,-0.07800000160932541,3.388700008392334,0,1,0.9962980151176453,-0.07504100352525711,-0.04193300008773804,0,0.08486100286245346,0.7807700037956238,0.6190289855003357,0,-0.013712000101804733,-0.6202960014343262,0.7842479944229126,0,3.58489990234375,9.87399959564209,0.15649999678134918,1,0.9974979758262634,-0.006769999861717224,-0.07037299871444702,0,0.06744000315666199,0.3898189961910248,0.9184190034866333,0,0.02121499925851822,-0.9208660125732422,0.38930100202560425,0,-0.016300000250339508,3.2314999103546143,0,1,0.9999949932098389,-0.0032889998983591795,0.00012799999967683107,0,0.0032889998983591795,0.9999949932098389,0,0,-0.00012799999967683107,0,1,0,0.013399999588727951,3.0573999881744385,0,1,0.9930729866027832,-0.08237999677658081,-0.0837860032916069,0,0.11738599836826324,0.6639289855957031,0.7385249733924866,0,-0.005212000105530024,-0.7432439923286438,0.6690000295639038,0,1.0056999921798706,9.994999885559082,-0.24220000207424164,1,0.9954609870910645,-0.012639000080525875,-0.09432400017976761,0,0.09395600110292435,0.28811201453208923,0.9529759883880615,0,0.015131000429391861,-0.9575129747390747,0.287992000579834,0,-0.014399999752640724,3.5109000205993652,0,1,0.999983012676239,-0.005822000093758106,0.00022400000307243317,0,0.005822000093758106,0.999983012676239,0,0,-0.00022400000307243317,0,1,0,0.01679999940097332,3.3538999557495117,0,1,0.9892129898071289,-0.1347920000553131,-0.057349998503923416,0,0.13386200368404388,0.6728190183639526,0.7275959849357605,0,-0.059487998485565186,-0.7274240255355835,0.6836040019989014,0,-1.138800024986267,10.1673002243042,-0.31459999084472656,1,0.9958980083465576,-0.08722499758005142,-0.02406799979507923,0,0.037935998290777206,0.16101400554180145,0.9862229824066162,0,-0.0821480005979538,-0.9830899834632874,0.16366299986839294,0,0.006599999964237213,2.8643999099731445,0,1,0.9999300241470337,-0.011831999756395817,-0.0005579999997280538,0,0.011831999756395817,0.9999300241470337,-0.000003999999989900971,0,0.0005579999997280538,-0.0000019999999949504854,1,0,0.01119999960064888,2.7836999893188477,0,1,0.9768930077552795,-0.20621900260448456,-0.056164998561143875,0,0.1885010004043579,0.7074350118637085,0.681177020072937,0,-0.1007390022277832,-0.6760240197181702,0.7299609780311584,0,-3.4518001079559326,9.111100196838379,0.11490000039339066,1,0.9867510199546814,-0.15809999406337738,-0.03641499951481819,0,0.04405900090932846,0.045111000537872314,0.998009979724884,0,-0.15614299476146698,-0.9863920211791992,0.051479000598192215,0,-0.017999999225139618,2.6489999294281006,0,1,0.9999979734420776,0.0019890000112354755,-0.00008299999899463728,0,-0.0019890000112354755,0.9999979734420776,0,0,0.00008299999899463728,0,1,0,0.007799999788403511,2.283099889755249,0,1,-0.9853870272636414,-0.0869780033826828,0.14645099639892578,0,0.14285799860954285,-0.8902490139007568,0.4324899911880493,0,0.09275999665260315,0.4470919966697693,0.8896650075912476,0,8.932900428771973,-5.757400035858154,-1.0821000337600708,1,0.9993330240249634,-0.036504000425338745,0.0005740000051446259,0,0.014844999648630619,0.3919439911842346,-0.9198690056800842,0,0.03335399925708771,0.9192649722099304,0.3922240138053894,0,0,40.515499114990234,0,1,0.9929819703102112,0.055369000881910324,0.10450500249862671,0,-0.1176220029592514,0.554502010345459,0.8238279819488525,0,-0.012334000319242477,-0.8303390145301819,0.5571230053901672,0,0,37.743099212646484,0,1,0.9993020296096802,-0.03206200152635574,0.019168000668287277,0,0.009384999983012676,0.7121670246124268,0.7019479870796204,0,-0.03615700080990791,-0.7012779712677002,0.7119699716567993,0,0,20.044099807739258,0,1,-0.9875379800796509,-0.07211299985647202,-0.13988499343395233,0,0.041815001517534256,-0.9771230220794678,0.20852400362491608,0,-0.1517219990491867,0.20007599890232086,0.9679620265960693,0,-8.932900428771973,-5.757400035858154,-0.8281000256538391,1,0.989018976688385,0.084477998316288,0.12126199901103973,0,-0.02573299966752529,0.9064220190048218,-0.4215880036354065,0,-0.14553000032901764,0.4138379991054535,0.8986430168151855,0,0,40.53129959106445,0,1,0.9826189875602722,-0.14131499826908112,-0.12037499994039536,0,0.16718100011348724,0.3918060064315796,0.9047309756278992,0,-0.08068899810314178,-0.9091299772262573,0.40862101316452026,0,0,37.73590087890625,0,1,0.9989960193634033,0.000737000023946166,-0.044801000505685806,0,0.029791999608278275,0.735912024974823,0.6764209866523743,0,0.03346800059080124,-0.677075982093811,0.7351509928703308,0,0,19.978700637817383,0,1
K0.033,0.999110996723175,-0.034297022968530655,-0.024497801437973976,0,0.034715019166469574,0.9992550015449524,0.01685098558664322,0,0.0239018015563488,-0.017686977982521057,0.9995579719543457,0,-0.22554898262023926,95.19110870361328,0.803868293762207,1,0.9998869895935059,0.0095259640365839,-0.0115870526060462,0,-0.010577969253063202,0.9954720139503479,-0.0944649800658226,0,0.010635054670274258,0.09457697719335556,0.9954609870910645,0,0,10.36929988861084,-1.0242999792099,1,0.9997230172157288,0.005065978039056063,-0.022970100864768028,0,-0.0048949760384857655,0.9999600052833557,0.007504038047045469,0,0.02300810068845749,-0.007389038801193237,0.9997079968452454,0,0,12.156399726867676,0,1,0.9997230172157288,0.005065978039056063,-0.022970100864768028,0,-0.0048949760384857655,0.9999600052833557,0.007504038047045469,0,0.02300810068845749,-0.007389038801193237,0.9997079968452454,0,0,13.892999649047852,0,1,0.999908983707428,-0.009207834489643574,0.009842059575021267,0,0.008094828575849533,0.994147002696991,0.1077280044555664,0,-0.01077704131603241,-0.10763900727033615,0.9941319823265076,0,0,15.629599571228027,0,1,0.9983130097389221,0.02499488554894924,0.05239895358681679,0,-0.027045883238315582,0.9988800287246704,0.03881297633051872,0,-0.051369957625865936,-0.040164969861507416,0.997871994972229,0,0,5.48330020904541,1.5434000492095947,1,0.17775991559028625,0.024870019406080246,-0.9837599992752075,0,0.8353340029716492,-0.5322740077972412,0.13748390972614288,0,-0.5202100276947021,-0.8462070226669312,-0.11539196968078613,0,6.321199893951416,13.84220027923584,-0.2069000005722046,1,0.975230872631073,-0.2094886600971222,0.07099145650863647,0,0.12170383334159851,0.7762048244476318,0.6186220049858093,0,-0.18469898402690887,-0.5946589708328247,0.7824749946594238,0,0,13.3927001953125,0,1,0.8335779309272766,0.49708008766174316,-0.24095608294010162,0,-0.4356310963630676,0.8597479462623596,0.26656898856163025,0,0.33966708183288574,-0.11723791807889938,0.933210015296936,0,0,27.344999313354492,0,1,0.9033971428871155,0.07706896215677261,-0.42182278633117676,0,-0.15547792613506317,0.97564697265625,-0.15472403168678284,0,0.3996258080005646,0.20536097884178162,0.8933790326118469,0,0,23.056400299072266,0,1,0.9549639821052551,0.29308199882507324,0.04632600024342537,0,-0.27236199378967285,0.803866982460022,0.5287879705429077,0,0.11773800104856491,-0.5175909996032715,0.8474889993667603,0,-2.872999906539917,2.967400074005127,1.3085999488830566,1,0.998091995716095,0.06095900014042854,0.009858000092208385,0,-0.06078999862074852,0.9980109930038452,-0.016665000468492508,0,-0.010854000225663185,0.016033999621868134,0.9998130202293396,0,-0.6026999950408936,3.413300037384033,0,1,0.9851070046424866,0.17188799381256104,0.004346999805420637,0,-0.17188599705696106,0.9851160049438477,-0.0008270000107586384,0,-0.004424000158905983,0.00006800000119255856,0.9999899864196777,0,0.052000001072883606,3.388000011444092,0,1,0.986257016658783,0.16354402899742126,0.023470988497138023,0,-0.13954605162143707,0.748501181602478,0.6482847332954407,0,0.08845598250627518,-0.6426507830619812,0.7610361576080322,0,-3.5892999172210693,9.81760025024414,0.1607999950647354,1,0.9957590103149414,0.049582984298467636,0.07749494165182114,0,-0.08544795215129852,0.18627457320690155,0.978774905204773,0,0.034094952046871185,-0.9812458753585815,0.18972057104110718,0,0.01810000091791153,3.3076999187469482,0,1,0.9999949932098389,-0.0031139999628067017,0.0001880000054370612,0,0.0031139999628067017,0.9999949932098389,0,0,-0.0001880000054370612,0,1,0,-0.005400000140070915,3.035399913787842,0,1,0.9732739925384521,0.1898900270462036,0.1291469782590866,0,-0.20494303107261658,0.4644792675971985,0.8615438342094421,0,0.10361196845769882,-0.8649858236312866,0.4909822642803192,0,-1.028499960899353,10.135100364685059,-0.2045000046491623,1,0.9917920231819153,0.07335400581359863,0.10472294688224792,0,-0.09134799987077713,-0.16656142473220825,0.981791079044342,0,0.08946094661951065,-0.9832990765571594,-0.15849342942237854,0,0.01549999974668026,3.486299991607666,0,1,0.9999989867210388,0.001383999944664538,-0.00008099999831756577,0,-0.001383999944664538,0.9999989867210388,0,0,0.00008099999831756577,0,1,0,-0.010300000198185444,3.2600998878479004,0,1,0.9806910157203674,0.019157031551003456,0.1946219801902771,0,-0.1817139834165573,0.4570932686328888,0.8706588745117188,0,-0.07228102535009384,-0.8892129063606262,0.4517482817173004,0,1.1486999988555908,10.207799911499023,-0.2809999883174896,1,0.9982380270957947,0.04717100039124489,0.03600198030471802,0,-0.02513701282441616,-0.21344242990016937,0.9766321182250977,0,0.05375298112630844,-0.9758161306381226,-0.21188043057918549,0,-0.004000000189989805,2.86080002784729,0,1,0.9999840259552002,0.00559299997985363,0.00020199999562464654,0,-0.00559299997985363,0.9999840259552002,0,0,-0.00020199999562464654,0,1,0,-0.004900000058114529,2.768399953842163,0,1,0.9666529893875122,-0.04567696526646614,0.25198498368263245,0,-0.22755295038223267,0.2982003092765808,0.9269819259643555,0,-0.11748403310775757,-0.9534099102020264,0.2778623104095459,0,3.469099998474121,9.014800071716309,0.09000000357627869,1,0.996383011341095,0.08464699983596802,0.007440998684614897,0,-0.002868047682568431,-0.05402041971683502,0.9985359907150269,0,0.08492499589920044,-0.9949460029602051,-0.05358241870999336,0,0.013500000350177288,2.674999952316284,0,1,0.9999979734420776,-0.0017509999452158809,0.000029000000722589903,0,0.0017509999452158809,0.9999979734420776,0,0,-0.000029000000722589903,0,1,0,-0.005499999970197678,2.3036000728607178,0,1,0.09221608936786652,-0.03290299326181412,0.9951949715614319,0,-0.8386701345443726,-0.5413458347320557,0.059815097600221634,0,0.5367768406867981,-0.8401561379432678,-0.07751502841711044,0,-6.321199893951416,13.836299896240234,-0.1467999964952469,1,0.909555196762085,0.4017884433269501,-0.10618552565574646,0,-0.25113722681999207,0.7349802255630493,0.6298679709434509,0,0.33111804723739624,-0.546233057975769,0.7694088816642761,0,0,13.3927001953125,0,1,0.8306825757026672,-0.5472425818443298,0.10243161767721176,0,0.4858246147632599,0.8023494482040405,0.34671419858932495,0,-0.2719219923019409,-0.2382451593875885,0.9323609471321106,0,0,27.351600646972656,0,1,0.862079918384552,0.14161273837089539,0.4865848422050476,0,-0.0963997095823288,0.9884558916091919,-0.1168842539191246,0,-0.49751994013786316,0.05385688692331314,0.8657790422439575,0,0,23.05459976196289,0,1,0.9419629573822021,-0.3283331096172333,-0.07002902776002884,0,0.33136412501335144,0.8758078813552856,0.35093915462493896,0,-0.0538930781185627,-0.353777140378952,0.9337759613990784,0,2.896399974822998,3.0095999240875244,1.3174999952316284,1,0.9295499920845032,0.028246905654668808,0.36761295795440674,0,-0.09264187514781952,0.9829670190811157,0.15872494876384735,0,-0.3568679690361023,-0.18159891664981842,0.9163339734077454,0,0.6165000200271606,3.449199914932251,0,1,0.9864299893379211,-0.1637050062417984,-0.012524999678134918,0,0.16368800401687622,0.9865090250968933,-0.0023759999312460423,0,0.012745000422000885,0.00029299999005161226,0.9999189972877502,0,-0.07800000160932541,3.388700008392334,0,1,0.9962159991264343,-0.07537400722503662,-0.04327201098203659,0,0.0855020061135292,0.7606137990951538,0.6435492038726807,0,-0.015594016760587692,-0.6448141932487488,0.7641808390617371,0,3.58489990234375,9.87399959564209,0.15649999678134918,1,0.9973970055580139,-0.007391007151454687,-0.07172901183366776,0,0.06933601945638657,0.37149980664253235,0.9258400797843933,0,0.019803985953330994,-0.9284040331840515,0.3710448145866394,0,-0.016300000250339508,3.2314999103546143,0,1,0.9999949932098389,-0.0032889998983591795,0.00012799999967683107,0,0.0032889998983591795,0.9999949932098389,0,0,-0.00012799999967683107,0,1,0,0.013399999588727951,3.0573999881744385,0,1,0.9927470088005066,-0.0840340107679367,-0.08597201853990555,0,0.11995101720094681,0.6445568203926086,0.7550891041755676,0,-0.008039024658501148,-0.7599241137504578,0.6499618291854858,0,1.0056999921798706,9.994999885559082,-0.24220000207424164,1,0.9953320026397705,-0.013114004395902157,-0.09561101347208023,0,0.095582015812397,0.27069783210754395,0.957908034324646,0,0.01331998035311699,-0.9625750780105591,0.2706878185272217,0,-0.014399999752640724,3.5109000205993652,0,1,0.999983012676239,-0.005820999853312969,0.00022400000307243317,0,0.005820999853312969,0.999983012676239,0,0,-0.00022400000307243317,0,1,0,0.01679999940097332,3.3538999557495117,0,1,0.9888240098953247,-0.13681501150131226,-0.05924301594495773,0,0.13527201116085052,0.6562238335609436,0.7423421144485474,0,-0.062686026096344,-0.7420591115951538,0.6673968434333801,0,-1.138800024986267,10.1673002243042,-0.31459999084472656,1,0.9958279728889465,-0.0876610055565834,-0.025350013747811317,0,0.03752199560403824,0.14012879133224487,0.9894220232963562,0,-0.08318100869655609,-0.9862449765205383,0.14283278584480286,0,0.006599999964237213,2.8643999099731445,0,1,0.9999300241470337,-0.011831999756395817,-0.0005579999997280538,0,0.011831999756395817,0.9999300241470337,-0.000003999999989900971,0,0.0005579999997280538,-0.0000019999999949504854,1,0,0.01119999960064888,2.7836999893188477,0,1,0.9760839939117432,-0.20925001800060272,-0.05894601345062256,0,0.1904979944229126,0.6926358938217163,0.6956771016120911,0,-0.10474203526973724,-0.6902680993080139,0.7159318923950195,0,-3.4518001079559326,9.111100196838379,0.11490000039339066,1,0.9866399765014648,-0.15850499272346497,-0.03765701502561569,0,0.04170897230505943,0.02231275476515293,0.9988809823989868,0,-0.15748801827430725,-0.9871060252189636,0.02862575463950634,0,-0.017999999225139618,2.6489999294281006,0,1,0.9999979734420776,0.001988000003620982,-0.00008299999899463728,0,-0.001988000003620982,0.9999979734420776,0,0,0.00008299999899463728,0,1,0,0.007799999788403511,2.283099889755249,0,1,-0.9866470098495483,-0.07139191776514053,0.14639487862586975,0,0.1343608945608139,-0.8648028373718262,0.48380130529403687,0,0.09206389635801315,0.49701127409935,0.862846851348877,0,8.932900428771973,-5.757400035858154,-1.0821000337600708,1,0.9994230270385742,-0.015064792707562447,0.03044934570789337,0,0.03389512374997139,0.5023003816604614,-0.8640280365943909,0,-0.0022784387692809105,0.8645620346069336,0.5025213956832886,0,0,40.515499114990234,0,1,0.9923509955406189,0.060110099613666534,0.10782503336668015,0,-0.12338307499885559,0.5113466382026672,0.8504711985588074,0,-0.0040138764306902885,-0.8572701811790466,0.5148516297340393,0,0,37.743099212646484,0,1,0.9994089603424072,-0.011886854656040668,0.03226590156555176,0,-0.01280572172254324,0.7421919107437134,0.6700650453567505,0,-0.031912557780742645,-0.6700820922851562,0.7416008710861206,0,0,20.044099807739258,0,1,-0.9857019782066345,-0.06661289930343628,-0.1547691524028778,0,0.04653000086545944,-0.9904300570487976,0.1299382895231247,0,-0.16194410622119904,0.12087929248809814,0.9793680310249329,0,-8.932900428771973,-5.757400035858154,-0.8281000256538391,1,0.9864579439163208,0.08686110377311707,0.13912317156791687,0,-0.026215054094791412,0.9208450317382812,-0.38904786109924316,0,-0.1619042009115219,0.3801318407058716,0.9106519818305969,0,0,40.53129959106445,0,1,0.9812620282173157,-0.15059305727481842,-0.12019200623035431,0,0.16983401775360107,0.38139382004737854,0.9086780548095703,0,-0.09100008010864258,-0.9120640754699707,0.3998238146305084,0,0,37.73590087890625,0,1,0.9990450143814087,-0.000874010322149843,-0.04367801919579506,0,0.030379019677639008,0.7324060201644897,0.6801900267601013,0,0.03139500319957733,-0.6808670163154602,0.7317339777946472,0,0,19.978700637817383,0,1
