1.967,30,59,65
B0,mixamorig_Hips,-1,0.7315360903739929,-0.00015260034706443548,0.6818027496337891,0,0.0579502247273922,0.9963947534561157,-0.061954423785209656,0,-0.6793355345726013,0.08483192324638367,0.7289077043533325,0,-0.4347988963127136,90.48204040527344,0.5500081777572632,1
B1,mixamorig_Spine,0,0.9966828227043152,-0.01014187466353178,-0.08075349032878876,0,0.00977806281298399,0.9999399185180664,-0.004897736478596926,0,0.08079863339662552,0.0040918863378465176,0.9967218041419983,0,0,10.369277954101562,-1.024256944656372,1
B2,mixamorig_Spine1,1,0.9864894151687622,-0.002196050249040127,-0.16380921006202698,0,0.03283301368355751,0.9822726845741272,0.18455934524536133,0,0.16050010919570923,-0.18744422495365143,0.9690739512443542,0,0,12.156362533569336,0,1
B3,mixamorig_Spine2,2,0.9864894151687622,-0.002196050249040127,-0.16380921006202698,0,0.03283301368355751,0.9822726845741272,0.18455934524536133,0,0.16050010919570923,-0.18744422495365143,0.9690739512443542,0,0,13.89299201965332,0,1
B4,mixamorig_Neck,3,0.9997699856758118,0.0014014745829626918,0.021411612629890442,0,-0.0027381498366594315,0.9980379939079285,0.06254878640174866,0,-0.02128201350569725,-0.062593474984169,0.9978119730949402,0,0,15.629606246948242,0,1
B5,mixamorig_Head,4,0.9371808171272278,-0.027054352685809135,-0.3477939963340759,0,-0.0243388582020998,0.9894879460334778,-0.14255502820014954,0,0.3479941487312317,0.14206482470035553,0.9266700744628906,0,0,5.483306884765625,1.5433800220489502,1
B6,mixamorig_HeadTop_End,5,1,0,0,0,0,1,0,0,0,0,1,0,0,25.401260375976562,7.149663925170898,1
B7,mixamorig_LeftShoulder,3,-0.058271024376153946,0.03092612512409687,-0.9978210926055908,0,0.9389845132827759,-0.3376998007297516,-0.06530263274908066,0,-0.33898353576660156,-0.9407442808151245,-0.009362651035189629,0,6.321243762969971,13.8422269821167,-0.20686599612236023,1
B8,mixamorig_LeftArm,7,0.9817169904708862,-0.04117656871676445,0.18583668768405914,0,-0.11807828396558762,0.6340169310569763,0.7642503976821899,0,-0.1492929905653,-0.7722210884094238,0.6175639629364014,0,0,13.392674446105957,0,1
B9,mixamorig_LeftForeArm,8,0.6432237029075623,0.7608404159545898,-0.08593378216028214,0,-0.7521033883094788,0.648868203163147,0.11537341773509979,0,0.1435406506061554,-0.009579874575138092,0.9895980954170227,0,0,27.344989776611328,0,1
B10,mixamorig_LeftHand,9,0.938992977142334,-0.10062529146671295,-0.32888704538345337,0,0.031870096921920776,0.9775857329368591,-0.20810768008232117,0,0.342456191778183,0.1849299669265747,0.9211532473564148,0,0,23.056411743164062,0,1
B11,mixamorig_LeftHandThumb1,10,0.915199875831604,0.345954954624176,-0.2066929191350937,0,-0.19234919548034668,0.8256897926330566,0.5303167104721069,0,0.35412976145744324,-0.44558995962142944,0.8222169280052185,0,-2.8729898929595947,2.9673869609832764,1.308601975440979,1
B12,mixamorig_LeftHandThumb2,11,0.982431173324585,0.186471626162529,0.007503826636821032,0,-0.1863436996936798,0.9823669791221619,-0.01520222332328558,0,-0.010206012986600399,0.013536948710680008,0.9998559951782227,0,-0.602724015712738,3.4133260250091553,0,1
B13,mixamorig_LeftHandThumb3,12,0.9851070046424866,0.17188799381256104,0.004346000030636787,0,-0.17188599705696106,0.9851164817810059,-0.0008280000183731318,0,-0.004424000158905983,0.00006853749073343351,0.9999899864196777,0,0.052025001496076584,3.3879590034484863,0,1
B14,mixamorig_LeftHandThumb4,13,1,0,0,0,0,1,0,0,0,0,1,0,0.55069899559021,2.8931949138641357,0,1
B15,mixamorig_LeftHandIndex1,10,0.9723119735717773,0.2331228405237198,0.016208112239837646,0,-0.2330414056777954,0.9621513485908508,0.1412670910358429,0,0.017338072881102562,-0.14113245904445648,0.9898383617401123,0,-3.589293956756592,9.817633628845215,0.16078799962997437,1
B16,mixamorig_LeftHandIndex2,15,0.9999232888221741,-0.012063239701092243,0.0028411990497261286,0,0.00983003992587328,0.9116231799125671,0.41090458631515503,0,-0.007546762004494667,-0.41084450483322144,0.9116718173027039,0,0.0181489996612072,3.307681083679199,0,1
B17,mixamorig_LeftHandIndex3,16,0.9999949932098389,-0.0031139999628067017,0.0001880000054370612,0,0.0031139999628067017,0.9999949932098389,5.374876081987168e-7,0,-0.0001880000054370612,0,1,0,-0.005377999972552061,3.035414934158325,0,1
B18,mixamorig_LeftHandIndex4,17,1,0,0,0,0,1,0,0,0,0,1,0,-0.012772000394761562,2.61580491065979,0,1
B19,mixamorig_LeftHandMiddle1,10,0.9990906715393066,-0.0369025319814682,-0.021355412900447845,0,0.04106039181351662,0.967691957950592,0.24876920878887177,0,0.011485449969768524,-0.24941985309123993,0.968326985836029,0,-1.028473973274231,10.135124206542969,-0.20449699461460114,1
B20,mixamorig_LeftHandMiddle2,19,0.999844491481781,0.01639726385474205,0.006433987524360418,0,-0.01760333776473999,0.9171997904777527,0.39803802967071533,0,0.0006256747874431312,-0.39808955788612366,0.9173462986946106,0,0.015453999862074852,3.4863240718841553,0,1
B21,mixamorig_LeftHandMiddle3,20,0.9999989867210388,0.001383999944664538,-0.00008099999831756577,0,-0.001383999944664538,0.9999989867210388,0,0,0.00008099999831756577,9.999999974752427e-7,1,0,-0.01029600016772747,3.2601449489593506,0,1
B22,mixamorig_LeftHandMiddle4,21,1,0,0,0,0,1,0,0,0,0,1,0,-0.005156999919563532,2.929636001586914,0,1
B23,mixamorig_LeftHandRing1,10,0.9887295961380005,-0.14919669926166534,-0.012385888956487179,0,0.13446731865406036,0.84864342212677,0.5115889310836792,0,-0.06581587344408035,-0.5074886083602905,0.8591412901878357,0,1.1487170457839966,10.207772254943848,-0.28100699186325073,1
B24,mixamorig_LeftHandRing2,23,0.9994804859161377,0.0318446010351181,0.005020524840801954,0,-0.029295524582266808,0.8321719765663147,0.5537434220314026,0,0.013456525281071663,-0.5536024570465088,0.8326725363731384,0,-0.004009999800473452,2.8607900142669678,0,1
B25,mixamorig_LeftHandRing3,24,0.9999840259552002,0.005592462606728077,0.00020199999562464654,0,-0.005592462606728077,0.9999840259552002,-9.999999974752427e-7,0,-0.00020199999562464654,0,1,0,-0.004927999805659056,2.7684431076049805,0,1
B26,mixamorig_LeftHandRing4,25,1,0,0,0,0,1,0,0,0,0,1,0,0.008937999606132507,2.328268051147461,0,1
B27,mixamorig_LeftHandPinky1,10,0.9781274795532227,-0.2037462443113327,-0.041878242045640945,0,0.1921682208776474,0.8080933690071106,0.5568262934684753,0,-0.07960899919271469,-0.5526949167251587,0.8295724391937256,0,3.4690499305725098,9.01478099822998,0.09002500027418137,1
B28,mixamorig_LeftHandPinky2,27,0.9965940117835999,0.0822211503982544,0.006369850132614374,0,-0.06624733656644821,0.7521858811378479,0.655612587928772,0,0.04911433905363083,-0.6538015604019165,0.7550703287124634,0,0.01348899956792593,2.6749958992004395,0,1
B29,mixamorig_LeftHandPinky3,28,0.9999979734420776,-0.0017509999452158809,0.000029000000722589903,0,0.0017509999452158809,0.9999979734420776,0,0,-0.000029000000722589903,0,1,0,-0.005483000073581934,2.3036251068115234,0,1
B30,mixamorig_LeftHandPinky4,29,1,0,0,0,0,1,0,0,0,0,1,0,-0.008005999960005283,1.9331719875335693,0,1
B31,mixamorig_RightShoulder,3,0.09540821611881256,-0.033030811697244644,0.9948902130126953,0,-0.9215155839920044,-0.3808833956718445,0.07572620362043381,0,0.37643569707870483,-0.9240314364433289,-0.06677860021591187,0,-6.321243762969971,13.836297035217285,-0.14682799577713013,1
B32,mixamorig_RightArm,31,0.8925656080245972,0.45090579986572266,-0.0032778559252619743,0,-0.3061986267566681,0.6114221811294556,0.7296605110168457,0,0.3310125172138214,-0.6502662301063538,0.6838012337684631,0,0,13.392674446105957,0,1
B33,mixamorig_RightForeArm,32,0.7432080507278442,-0.6652181148529053,-0.07159770280122757,0,0.6657902598381042,0.7247639298439026,0.1773117482662201,0,-0.06605969369411469,-0.17944908142089844,0.9815462231636047,0,0,27.351593017578125,0,1
B34,mixamorig_RightHand,33,0.9788133502006531,-0.0988505631685257,0.17931263148784637,0,0.04956866428256035,0.9640927314758301,0.2608979642391205,0,-0.19866392016410828,-0.24648204445838928,0.9485664963722229,0,0,23.054641723632812,0,1
B35,mixamorig_RightHandThumb1,34,0.9268091917037964,-0.36846497654914856,-0.07251708209514618,0,0.3668147027492523,0.8468848466873169,0.38501110672950745,0,-0.08044985681772232,-0.3834320604801178,0.9200584888458252,0,2.896411895751953,3.0095860958099365,1.3174519538879395,1
B36,mixamorig_RightHandThumb2,35,0.9864301681518555,0.16356655955314636,-0.014197236858308315,0,-0.1636325567960739,0.9865146279335022,-0.0036003156565129757,0,0.013417174108326435,0.005874390248209238,0.9998930096626282,0,0.6164730191230774,3.449167013168335,0,1
B37,mixamorig_RightHandThumb3,36,0.9864299893379211,-0.16370554268360138,-0.012525537051260471,0,0.1636885404586792,0.9865090250968933,-0.0023759999312460423,0,0.012745537795126438,0.00029299999005161226,0.9999189972877502,0,-0.07802999764680862,3.3886709213256836,0,1
B38,mixamorig_RightHandThumb4,37,1,0,0,0,0,1,0,0,0,0,1,0,-0.5384430289268494,2.838438034057617,0,1
B39,mixamorig_RightHandIndex1,34,0.9956449270248413,-0.0908006951212883,-0.021133262664079666,0,0.09193646162748337,0.9938908815383911,0.06106705591082573,0,0.015458987094461918,-0.06274374574422836,0.9979098439216614,0,3.5849320888519287,9.87402057647705,0.15652400255203247,1
B40,mixamorig_RightHandIndex2,39,0.9994555115699768,0.03270702436566353,0.004365162458270788,0,-0.032569948583841324,0.9566454291343689,0.28942862153053284,0,0.005290924571454525,-0.28941306471824646,0.9571899175643921,0,-0.01626800000667572,3.2315359115600586,0,1
B41,mixamorig_RightHandIndex3,40,0.9999949932098389,-0.0032889998983591795,0.00012799999967683107,0,0.0032889998983591795,0.9999949932098389,-9.999999974752427e-7,0,-0.00012799999967683107,0.000001000004772322427,1,0,0.013364000245928764,3.0574300289154053,0,1
B42,mixamorig_RightHandIndex4,41,1,0,0,0,0,1,0,0,0,0,1,0,0.0029039999935775995,2.6513359546661377,0,1
B43,mixamorig_RightHandMiddle1,34,0.9987261891365051,-0.04868326336145401,-0.013249100185930729,0,0.05033519119024277,0.9793754816055298,0.19567835330963135,0,0.0034495375584810972,-0.196095809340477,0.9805788397789001,0,1.0057029724121094,9.99497127532959,-0.2421790063381195,1
B44,mixamorig_RightHandMiddle2,43,0.9996718764305115,-0.023163175210356712,-0.010943237692117691,0,0.025148937478661537,0.8059389591217041,0.5914633870124817,0,-0.004880774766206741,-0.5915443897247314,0.8062571287155151,0,-0.014400999993085861,3.5109260082244873,0,1
B45,mixamorig_RightHandMiddle3,44,0.999983012676239,-0.005821462254971266,0.00022400000307243317,0,0.005821462254971266,0.999983012676239,9.999999974752427e-7,0,-0.00022400000307243317,4.6250761442934163e-7,1,0,0.01683099940419197,3.3538849353790283,0,1
B46,mixamorig_RightHandMiddle4,45,1,0,0,0,0,1,0,0,0,0,1,0,-0.0024300001095980406,2.9538559913635254,0,1
B47,mixamorig_RightHandRing1,34,0.998863160610199,0.03974461555480957,0.026318874210119247,0,-0.04683976247906685,0.9208654165267944,0.38705694675445557,0,-0.008852662518620491,-0.3878498077392578,0.9216803312301636,0,-1.1388390064239502,10.167268753051758,-0.31460699439048767,1
B48,mixamorig_RightHandRing2,47,0.9986484050750732,-0.050778575241565704,-0.011076499707996845,0,0.04588227719068527,0.761260986328125,0.6468196511268616,0,-0.024412574246525764,-0.6464540958404541,0.76256263256073,0,0.0066189998760819435,2.864384889602661,0,1
B49,mixamorig_RightHandRing3,48,0.9999300241470337,-0.011831999756395817,-0.0005579999997280538,0,0.011831999756395817,0.9999300241470337,-0.000004999999873689376,0,0.0005579999997280538,-0.0000019999999949504854,1,0,0.011176000349223614,2.783703088760376,0,1
B50,mixamorig_RightHandRing4,49,1,0,0,0,0,1,0,0,0,0,1,0,-0.017795000225305557,2.2794249057769775,0,1
B51,mixamorig_RightHandPinky1,34,0.9956418871879578,0.07802851498126984,0.051070474088191986,0,-0.09158097207546234,0.9214240908622742,0.37761184573173523,0,-0.01759354956448078,-0.380643755197525,0.9245545864105225,0,-3.4517970085144043,9.111095428466797,0.11485499888658524,1
B52,mixamorig_RightHandPinky2,51,0.9925694465637207,-0.11988122761249542,-0.020841412246227264,0,0.1006907969713211,0.7130484580993652,0.6938463449478149,0,-0.06831780076026917,-0.6907896995544434,0.7198213934898376,0,-0.018036000430583954,2.649035930633545,0,1
B53,mixamorig_RightHandPinky3,52,0.9999979734420776,0.0019884624052792788,-0.00008299999899463728,0,-0.0019884624052792788,0.9999979734420776,0,0,0.00008299999899463728,0,1,0,0.007772000040858984,2.2831289768218994,0,1
B54,mixamorig_RightHandPinky4,53,1,0,0,0,0,1,0,0,0,0,1,0,0.01026500016450882,1.9056119918823242,0,1
B55,mixamorig_LeftUpLeg,0,-0.9635505080223083,-0.17785504460334778,0.19984643161296844,0,0.24315106868743896,-0.8937546014785767,0.3769347369670868,0,0.11157424747943878,0.41178879141807556,0.9044227004051208,0,8.93294620513916,-5.757384777069092,-1.0820709466934204,1
B56,mixamorig_LeftLeg,55,0.9664192199707031,-0.16660040616989136,-0.1956472247838974,0,0.015965549275279045,0.7988205552101135,-0.6013575196266174,0,0.25647303462028503,0.5780398845672607,0.7746551632881165,0,0,40.51551055908203,0,1
B57,mixamorig_LeftFoot,56,0.9936671257019043,-0.05901813879609108,0.09561946243047714,0,-0.056121524423360825,0.47656047344207764,0.8773490190505981,0,-0.09734774380922318,-0.8771587014198303,0.4702300727367401,0,0,37.743064880371094,0,1
B58,mixamorig_LeftToeBase,57,0.9991255402565002,-0.03656996041536331,-0.020269136875867844,0,0.040994249284267426,0.7613906264305115,0.6469956040382385,0,-0.00822796206921339,-0.6472607254981995,0.7622241377830505,0,0,20.044143676757812,0,1
B59,mixamorig_LeftToe_End,58,1,0,0,0,0,1,0,0,0,0,1,0,0,7.662416934967041,0,1
B60,mixamorig_RightUpLeg,0,-0.931085467338562,0.27205657958984375,-0.2430342137813568,0,-0.26916056871414185,-0.9620096683502197,-0.045711860060691833,0,-0.24623799324035645,0.022853940725326538,0.9689399003982544,0,-8.93294620513916,-5.757384777069092,-0.8280829787254333,1
B61,mixamorig_RightLeg,60,0.9875462055206299,-0.044832438230514526,-0.1508076936006546,0,-0.04642118886113167,0.8328351974487305,-0.5515692234039307,0,0.15032634139060974,0.55170077085495,0.8203824758529663,0,0,40.53126907348633,0,1
B62,mixamorig_RightFoot,61,0.965801477432251,0.25379303097724915,-0.05306892469525337,0,-0.00932801142334938,0.2385523021221161,0.9710845351219177,0,0.2591143846511841,-0.9373799562454224,0.2327614426612854,0,0,37.7359504699707,0,1
B63,mixamorig_RightToeBase,62,0.9995174407958984,-0.0002830749726854265,-0.03106251172721386,0,0.020008524879813194,0.770763635635376,0.6368063688278198,0,0.023761900141835213,-0.6371209025382996,0.7703971266746521,0,0,19.978723526000977,0,1
B64,mixamorig_RightToe_End,63,1,0,0,0,0,1,0,0,0,0,1,0,0,7.699814796447754,0,1
@52,0,1,2,3,4,5,7,8,9,10,11,12,13,15,16,17,19,20,21,23,24,25,27,28,29,31,32,33,34,35,36,37,39,40,41,43,44,45,47,48,49,51,52,53,55,56,57,58,60,61,62,63
K0.000,0.7298129796981812,0.0005740000051446259,0.6836469769477844,0,0.05263900011777878,0.9969840049743652,-0.057029999792575836,0,-0.6816179752349854,0.07760799676179886,0.7275810241699219,0,-0.4994080066680908,90.11918640136719,-0.25703200697898865,1,0.9966030120849609,-0.01154400035738945,-0.08154799789190292,0,0.011744000017642975,0.9999290108680725,0.001967000076547265,0,0.0815190002322197,-0.0029180001001805067,0.9966670274734497,0,0,10.369277954101562,-1.024256944656372,1,0.9861840009689331,-0.004222000017762184,-0.1656000018119812,0,0.037411000579595566,0.9795250296592712,0.19781599938869476,0,0.16137400269508362,-0.20127800107002258,0.9661499857902527,0,0,12.156362533569336,0,1,0.9861840009689331,-0.004222000017762184,-0.1655990034341812,0,0.037411000579595566,0.9795250296592712,0.19781599938869476,0,0.16137400269508362,-0.20127800107002258,0.9661499857902527,0,0,13.89299201965332,0,1,0.9997439980506897,0.003002000041306019,0.02242100052535534,0,-0.003524000057950616,0.9997230172157288,0.023274000734090805,0,-0.022345000877976418,-0.023346999660134315,0.9994779825210571,0,0,15.629606246948242,0,1,0.9370599985122681,-0.04476400092244148,-0.3462870121002197,0,0.00621700007468462,0.9937300086021423,-0.1116349995136261,0,0.34911298751831055,0.1024560034275055,0.9314630031585693,0,0,5.483306884765625,1.5433800220489502,1,-0.03233100101351738,0.028896000236272812,-0.9990590214729309,0,0.9211570024490356,-0.38702601194381714,-0.0410039983689785,0,-0.38784700632095337,-0.9216160178184509,-0.014104999601840973,0,6.321243762969971,13.8422269821167,-0.20686599612236023,1,0.9772760272026062,-0.042677998542785645,0.20763200521469116,0,-0.12875699996948242,0.658594012260437,0.7414010167121887,0,-0.16838599741458893,-0.7512869834899902,0.6381329894065857,0,0,13.392674446105957,0,1,0.6668319702148438,0.7408409714698792,-0.08055700361728668,0,-0.7349410057067871,0.6716740131378174,0.09335800260305405,0,0.12327100336551666,-0.0030499999411404133,0.9923679828643799,0,0,27.344989776611328,0,1,0.9391670227050781,-0.10700999945402145,-0.32636600732803345,0,-0.0038689998909831047,0.9468690156936646,-0.32159700989723206,0,0.3434399962425232,0.3032959997653961,0.8888530135154724,0,0,23.056411743164062,0,1,0.9111649990081787,0.362295001745224,-0.19626599550247192,0,-0.20913299918174744,0.8170440196990967,0.5373110175132751,0,0.35502299666404724,-0.44853299856185913,0.8202289938926697,0,-2.8729898929595947,2.9673869609832764,1.308601975440979,1,0.9821230173110962,0.18812499940395355,0.006610000040382147,0,-0.1880120038986206,0.9820550084114075,-0.014818999916315079,0,-0.009278999641537666,0.013311999849975109,0.9998679757118225,0,-0.602724015712738,3.4133260250091553,0,1,0.9851070046424866,0.17188799381256104,0.004346000030636787,0,-0.17188599705696106,0.9851160049438477,-0.0008280000183731318,0,-0.004424000158905983,0.00006800000119255856,0.9999899864196777,0,0.052025001496076584,3.3879590034484863,0,1,0.9741489887237549,0.22549599409103394,0.01360899955034256,0,-0.22588899731636047,0.9730439782142639,0.04647200182080269,0,-0.0027630000840872526,-0.048344001173973083,0.9988269805908203,0,-3.589293956756592,9.817633628845215,0.16078799962997437,1,0.999671995639801,-0.025547999888658524,-0.0019340000580996275,0,0.025054000318050385,0.9589790105819702,0.2823689877986908,0,-0.005359000060707331,-0.28232499957084656,0.9593039751052856,0,0.0181489996612072,3.307681083679199,0,1,0.9999949932098389,-0.0031139999628067017,0.0001880000054370612,0,0.0031139999628067017,0.9999949932098389,0,0,-0.0001880000054370612,0,1,0,-0.005377999972552061,3.035414934158325,0,1,0.9972389936447144,-0.06814900040626526,-0.029493000358343124,0,0.07303199917078018,0.9719570279121399,0.22353099286556244,0,0.013431999832391739,-0.22506700456142426,0.9742509722709656,0,-1.028473973274231,10.135124206542969,-0.20449699461460114,1,0.9998840093612671,0.014186999760568142,0.005563000217080116,0,-0.015238000079989433,0.9277549982070923,0.3728800117969513,0,0.0001289999927394092,-0.3729209899902344,0.9278630018234253,0,0.015453999862074852,3.4863240718841553,0,1,0.9999989867210388,0.001383999944664538,-0.00008099999831756577,0,-0.001383999944664538,0.9999989867210388,0,0,0.00008099999831756577,0,1,0,-0.01029600016772747,3.2601449489593506,0,1,0.9840630292892456,-0.17550699412822723,-0.028602000325918198,0,0.16690999269485474,0.8561720252037048,0.488988995552063,0,-0.06133300065994263,-0.48596999049186707,0.8718209862709045,0,1.1487170457839966,10.207772254943848,-0.28100699186325073,1,0.9995089769363403,0.03101399913430214,0.004362999927252531,0,-0.028598999604582787,0.8470079898834229,0.5308110117912292,0,0.012767000123858452,-0.5306749939918518,0.847478985786438,0,-0.004009999800473452,2.8607900142669678,0,1,0.9999840259552002,0.00559200020506978,0.00020199999562464654,0,-0.00559200020506978,0.9999840259552002,0,0,-0.00020199999562464654,0,1,0,-0.004927999805659056,2.7684431076049805,0,1,0.9719030261039734,-0.22785300016403198,-0.059059999883174896,0,0.22372299432754517,0.816215991973877,0.5326709747314453,0,-0.07316499948501587,-0.5309180021286011,0.8442590236663818,0,3.4690499305725098,9.01478099822998,0.09002500027418137,1,0.9966099858283997,0.08204600214958191,0.0061530000530183315,0,-0.06728199869394302,0.7696589827537537,0.6348999738693237,0,0.04735499992966652,-0.6331610083580017,0.772570013999939,0,0.01348899956792593,2.6749958992004395,0,1,0.9999979734420776,-0.0017509999452158809,0.000029000000722589903,0,0.0017509999452158809,0.9999979734420776,0,0,-0.000029000000722589903,0,1,0,-0.005483000073581934,2.3036251068115234,0,1,0.1256919950246811,-0.02854900062084198,0.9916579723358154,0,-0.894553005695343,-0.4354349970817566,0.1008479967713356,0,0.42892399430274963,-0.8997669816017151,-0.08026900142431259,0,-6.321243762969971,13.836297035217285,-0.14682799577713013,1,0.8850029706954956,0.46167999505996704,-0.06017100065946579,0,-0.29535600543022156,0.656620979309082,0.6939830183982849,0,0.35990801453590393,-0.5964059829711914,0.7174720168113708,0,0,13.392674446105957,0,1,0.7475849986076355,-0.6544529795646667,-0.11316999793052673,0,0.6641579866409302,0.7374680042266846,0.12261299788951874,0,0.003215000033378601,-0.16682599484920502,0.9859809875488281,0,0,27.351593017578125,0,1,0.9708750247955322,-0.11451700329780579,0.21044699847698212,0,0.06141199916601181,0.9679759740829468,0.24341699481010437,0,-0.23158299922943115,-0.22340300679206848,0.9468160271644592,0,0,23.054641723632812,0,1,0.9297230243682861,-0.3611519932746887,-0.07200799882411957,0,0.36013299226760864,0.850803017616272,0.3826729953289032,0,-0.07693900167942047,-0.3817119896411896,0.9210730195045471,0,2.896411895751953,3.0095860958099365,1.3174519538879395,1,0.9857410192489624,0.167835995554924,-0.012083999812602997,0,-0.16783900558948517,0.9858139753341675,0.0007989999721758068,0,0.012047000229358673,0.0012410000199452043,0.9999269843101501,0,0.6164730191230774,3.449167013168335,0,1,0.9864299893379211,-0.1637050062417984,-0.012524999678134918,0,0.16368800401687622,0.9865090250968933,-0.0023759999312460423,0,0.012745000422000885,0.00029299999005161226,0.9999189972877502,0,-0.07802999764680862,3.3886709213256836,0,1,0.9963229894638062,-0.08347100019454956,-0.019339999184012413,0,0.08441799879074097,0.9949179887771606,0.054878998547792435,0,0.014661000110208988,-0.05631000176072121,0.9983059763908386,0,3.5849320888519287,9.87402057647705,0.15652400255203247,1,0.9994630217552185,0.0324769988656044,0.004300999920815229,0,-0.032322000712156296,0.9561520218849182,0.2910799980163574,0,0.00534099992364645,-0.29106301069259644,0.9566890001296997,0,-0.01626800000667572,3.2315359115600586,0,1,0.9999949932098389,-0.0032889998983591795,0.00012799999967683107,0,0.0032889998983591795,0.9999949932098389,0,0,-0.00012799999967683107,0.0000019999999949504854,1,0,0.013364000245928764,3.0574300289154053,0,1,0.9986060261726379,-0.05100199952721596,-0.01358299981802702,0,0.052678998559713364,0.9790430068969727,0.19672200083732605,0,0.0032649999484419823,-0.19716399908065796,0.980364978313446,0,1.0057029724121094,9.99497127532959,-0.2421790063381195,1,0.9998379945755005,-0.016505999490618706,-0.0072189997881650925,0,0.017883000895380974,0.860692024230957,0.5088120102882385,0,-0.002185000106692314,-0.5088589787483215,0.860846996307373,0,-0.014400999993085861,3.5109260082244873,0,1,0.999983012676239,-0.005822000093758106,0.00022400000307243317,0,0.005822000093758106,0.999983012676239,0,0,-0.00022400000307243317,0,1,0,0.01683099940419197,3.3538849353790283,0,1,0.998760998249054,0.04175100103020668,0.027084000408649445,0,-0.04849499836564064,0.9387180209159851,0.3412570059299469,0,-0.011176999658346176,-0.34214699268341064,0.9395800232887268,0,-1.1388390064239502,10.167268753051758,-0.31460699439048767,1,0.9987919926643372,-0.048229001462459564,-0.009358000010251999,0,0.04396500065922737,0.7924630045890808,0.6083340048789978,0,-0.021922999992966652,-0.6080099940299988,0.7936260104179382,0,0.0066189998760819435,2.864384889602661,0,1,0.9999300241470337,-0.011831999756395817,-0.0005579999997280538,0,0.011831999756395817,0.9999300241470337,-0.000004999999873689376,0,0.0005579999997280538,-0.0000019999999949504854,1,0,0.011176000349223614,2.783703088760376,0,1,0.9957249760627747,0.07708799839019775,0.05088600143790245,0,-0.09064199775457382,0.9214879870414734,0.37768301367759705,0,-0.017775999382138252,-0.38068100810050964,0.9245359897613525,0,-3.4517970085144043,9.111095428466797,0.11485499888658524,1,0.9929050207138062,-0.11739200353622437,-0.01893400028347969,0,0.10091599822044373,0.7476860284805298,0.6563400030136108,0,-0.06289199739694595,-0.6535940170288086,0.7542279958724976,0,-0.018036000430583954,2.649035930633545,0,1,0.9999979734420776,0.0019890000112354755,-0.00008299999899463728,0,-0.0019890000112354755,0.9999979734420776,0,0,0.00008299999899463728,0,1,0,0.007772000040858984,2.2831289768218994,0,1,-0.9624559879302979,-0.18294799327850342,0.20051999390125275,0,0.2503120005130768,-0.8839359879493713,0.39497101306915283,0,0.1049870029091835,0.43033498525619507,0.896543025970459,0,8.93294620513916,-5.757384777069092,-1.0820709466934204,1,0.9670339822769165,-0.16706599295139313,-0.1921830028295517,0,0.015775000676512718,0.7925549745559692,-0.6095970273017883,0,0.25415799021720886,0.5864689946174622,0.7690629959106445,0,0,40.51551055908203,0,1,0.9931920170783997,-0.06749500334262848,0.09493900090456009,0,-0.05121900141239166,0.47897300124168396,0.876334011554718,0,-0.1046219989657402,-0.8752310276031494,0.47225499153137207,0,0,37.743064880371094,0,1,0.9991729855537415,-0.035374000668525696,-0.020058000460267067,0,0.03995199874043465,0.7619699835777283,0.6463779807090759,0,-0.007581000216305256,-0.6466450095176697,0.7627530097961426,0,0,20.044143676757812,0,1,-0.9329149723052979,0.2622759938240051,-0.24674199521541595,0,-0.26861101388931274,-0.9632130265235901,-0.008255000226199627,0,-0.23983000218868256,0.058577001094818115,0.9690459966659546,0,-8.93294620513916,-5.757384777069092,-0.8280829787254333,1,0.9881250262260437,-0.05206900089979172,-0.14456099271774292,0,-0.04436099901795387,0.804095983505249,-0.5928419828414917,0,0.1471100002527237,0.5922150015830994,0.7922369837760925,0,0,40.53126907348633,0,1,0.9666399955749512,0.2509649991989136,-0.051217999309301376,0,-0.004480000119656324,0.216497004032135,0.9762730002403259,0,0.25609898567199707,-0.9434750080108643,0.21039900183677673,0,0,37.7359504699707,0,1,0.9994919896125793,-0.0004619999963324517,-0.03186799958348274,0,0.020656999200582504,0.7708240151405334,0.6367130279541016,0,0.024271000176668167,-0.6370480060577393,0.770442008972168,0,0,19.978723526000977,0,1
K0.033,0.7295129895210266,0.0005810000584460795,0.6839669942855835,0,0.05287900194525719,0.9969589710235596,-0.05724800378084183,0,-0.6819199919700623,0.0779310017824173,0.7272629737854004,0,-0.48793187737464905,90.12792205810547,-0.2675040662288666,1,0.9966030120849609,-0.011544999666512012,-0.08154900372028351,0,0.011739999987185001,0.9999290108680725,0.0019159989897161722,0,0.08152099698781967,-0.0028669987805187702,0.9966679811477661,0,0,10.369277954101562,-1.024256944656372,1,0.9861840009689331,-0.004208999685943127,-0.16559800505638123,0,0.03738100081682205,0.9795460104942322,0.19771799445152283,0,0.16137899458408356,-0.20117700099945068,0.9661700129508972,0,0,12.156362533569336,0,1,0.9861840009689331,-0.004208999685943127,-0.16559800505638123,0,0.03738100081682205,0.9795460104942322,0.19771799445152283,0,0.16137899458408356,-0.20117700099945068,0.9661700129508972,0,0,13.89299201965332,0,1,0.9997450113296509,0.0029259975999593735,0.022413000464439392,0,-0.003460997948423028,0.9997090101242065,0.02389001101255417,0,-0.02233700081706047,-0.02396201156079769,0.9994630217552185,0,0,15.629606246948242,0,1,0.9372029900550842,-0.044468991458415985,-0.3459390103816986,0,0.006170996464788914,0.993798017501831,-0.1110299825668335,0,0.34873101115226746,0.10192298889160156,0.931663990020752,0,0,5.483306884765625,1.5433800220489502,1,-0.031961001455783844,0.028968999162316322,-0.9990689754486084,0,0.9211770296096802,-0.38701099157333374,-0.04069099947810173,0,-0.3878290057182312,-0.9216200113296509,-0.01431600097566843,0,6.321243762969971,13.8422269821167,-0.20686599612236023,1,0.9772940278053284,-0.042444996535778046,0.20759400725364685,0,-0.12883499264717102,0.6587899923324585,0.7412130236625671,0,-0.16822099685668945,-0.7511280179023743,0.6383630037307739,0,0,13.392674446105957,0,1,0.6666600108146667,0.7410039901733398,-0.08048299700021744,0,-0.7351040244102478,0.6714940071105957,0.09337300062179565,0,0.12323399633169174,-0.003085000906139612,0.992372989654541,0,0,27.344989776611328,0,1,0.9392650127410889,-0.10699299722909927,-0.3260889947414398,0,-0.0036819945089519024,0.9469649791717529,-0.3213140070438385,0,0.343174010515213,0.30300000309944153,0.8890569806098938,0,0,23.056411743164062,0,1,0.9112340211868286,0.3612169921398163,-0.19792701303958893,0,-0.20702598989009857,0.8170869946479797,0.5380610227584839,0,0.35607999563217163,-0.44932401180267334,0.8193380236625671,0,-2.8729898929595947,2.9673869609832764,1.308601975440979,1,0.9821230173110962,0.18812499940395355,0.006610000506043434,0,-0.1880120038986206,0.9820550084114075,-0.01481899805366993,0,-0.009278999641537666,0.01331199798732996,0.9998679757118225,0,-0.602724015712738,3.4133260250091553,0,1,0.9851070046424866,0.17188799381256104,0.004346000030636787,0,-0.17188599705696106,0.9851160049438477,-0.0008280000183731318,0,-0.004424000158905983,0.00006800000846851617,0.9999899864196777,0,0.052025001496076584,3.3879590034484863,0,1,0.9741590023040771,0.2254520058631897,0.013612999580800533,0,-0.2258490025997162,0.9729859828948975,0.04785801097750664,0,-0.0024559979792684317,-0.04969600960612297,0.998760998249054,0,-3.589293956756592,9.817633628845215,0.16078799962997437,1,0.999671995639801,-0.025550000369548798,-0.0019340001745149493,0,0.02505600079894066,0.958961009979248,0.2824290096759796,0,-0.0053610000759363174,-0.282384991645813,0.9592859745025635,0,0.0181489996612072,3.307681083679199,0,1,0.9999949932098389,-0.0031139999628067017,0.0001880000054370612,0,0.0031139999628067017,0.9999949932098389,0,0,-0.0001880000054370612,0,1,0,-0.005377999972552061,3.035414934158325,0,1,0.9972559809684753,-0.06792799383401871,-0.029441997408866882,0,0.07281399518251419,0.9718289971351624,0.22415900230407715,0,0.013385999947786331,-0.22568699717521667,0.9741079807281494,0,-1.028473973274231,10.135124206542969,-0.20449699461460114,1,0.9998840093612671,0.014197000302374363,0.0055669997818768024,0,-0.015248999930918217,0.9276930093765259,0.37303099036216736,0,0.00013200001558288932,-0.373073011636734,0.9278020262718201,0,0.015453999862074852,3.4863240718841553,0,1,0.9999989867210388,0.001383999944664538,-0.00008099999831756577,0,-0.001383999944664538,0.9999989867210388,0,0,0.00008099999831756577,0,1,0,-0.01029600016772747,3.2601449489593506,0,1,0.9841020107269287,-0.1752990037202835,-0.02853499725461006,0,0.16667599976062775,0.8560439944267273,0.48929399251937866,0,-0.06134499981999397,-0.4862709939479828,0.8716520071029663,0,1.1487170457839966,10.207772254943848,-0.28100699186325073,1,0.9995089769363403,0.031026000156998634,0.004370000213384628,0,-0.028609000146389008,0.8468729853630066,0.5310249924659729,0,0.012775000184774399,-0.5308889746665955,0.8473449945449829,0,-0.004009999800473452,2.8607900142669678,0,1,0.9999840259552002,0.00559200020506978,0.00020199999562464654,0,-0.00559200020506978,0.9999840259552002,0,0,-0.00020199999562464654,0,1,0,-0.004927999805659056,2.7684431076049805,0,1,0.9719290137290955,-0.22775499522686005,-0.0590130016207695,0,0.2235659956932068,0.8158860206604004,0.5332430005073547,0,-0.07329999655485153,-0.5314670205116272,0.8439009785652161,0,3.4690499305725098,9.01478099822998,0.09002500027418137,1,0.9966070055961609,0.08207099884748459,0.006173000205308199,0,-0.06729800254106522,0.7694479823112488,0.6351540088653564,0,0.04737799987196922,-0.6334149837493896,0.7723609805107117,0,0.01348899956792593,2.6749958992004395,0,1,0.9999979734420776,-0.0017509999452158809,0.000029000000722589903,0,0.0017509999452158809,0.9999979734420776,0,0,-0.000029000000722589903,0,1,0,-0.005483000073581934,2.3036251068115234,0,1,0.12540499866008759,-0.028558000922203064,0.991694986820221,0,-0.8948959708213806,-0.43477699160575867,0.10064399987459183,0,0.42829200625419617,-0.9000849723815918,-0.08008000254631042,0,-6.321243762969971,13.836297035217285,-0.14682799577713013,1,0.8852689862251282,0.4611940085887909,-0.05999099463224411,0,-0.2950330078601837,0.6566110253334045,0.694130003452301,0,0.35951900482177734,-0.596792995929718,0.7173449993133545,0,0,13.392674446105957,0,1,0.7475060224533081,-0.6546319723129272,-0.11265399307012558,0,0.6642510294914246,0.7372649908065796,0.12333601713180542,0,0.002315982012078166,-0.16702499985694885,0.9859499931335449,0,0,27.351593017578125,0,1,0.9710040092468262,-0.11411698907613754,0.21006998419761658,0,0.061274997889995575,0.968163013458252,0.24270598590373993,0,-0.23107898235321045,-0.2227959781885147,0.947081983089447,0,0,23.054641723632812,0,1,0.9303969740867615,-0.3591479957103729,-0.0733020082116127,0,0.3589150011539459,0.8519999980926514,0.3811520040035248,0,-0.0744359940290451,-0.3809320032596588,0.9216020107269287,0,2.896411895751953,3.0095860958099365,1.3174519538879395,1,0.985755980014801,0.16779401898384094,-0.011419001035392284,0,-0.16778001189231873,0.9858220219612122,0.0021380099933594465,0,0.011615002527832985,-0.00019200962560717016,0.9999330043792725,0,0.6164730191230774,3.449167013168335,0,1,0.9864299893379211,-0.1637050062417984,-0.012524999678134918,0,0.16368800401687622,0.9865090250968933,-0.0023759999312460423,0,0.012745000422000885,0.00029299999005161226,0.9999189972877502,0,-0.07802999764680862,3.3886709213256836,0,1,0.9962940216064453,-0.08380399644374847,-0.019373999908566475,0,0.08473300188779831,0.994966983795166,0.05349597707390785,0,0.014793001115322113,-0.05493897944688797,0.9983800053596497,0,3.5849320888519287,9.87402057647705,0.15652400255203247,1,0.9994639754295349,0.03244699910283089,0.004288000054657459,0,-0.03229299932718277,0.9563360214233398,0.29047998785972595,0,0.005324000027030706,-0.29046300053596497,0.956870973110199,0,-0.01626800000667572,3.2315359115600586,0,1,0.9999949932098389,-0.0032889998983591795,0.00012799999967683107,0,0.0032889998983591795,0.9999949932098389,0,0,-0.00012799999967683107,0,1,0,0.013364000245928764,3.0574300289154053,0,1,0.998619019985199,-0.050763994455337524,-0.013537999242544174,0,0.052438996732234955,0.9789190292358398,0.1974020004272461,0,0.0032309999223798513,-0.19783900678157806,0.9802290201187134,0,1.0057029724121094,9.99497127532959,-0.2421790063381195,1,0.9998390078544617,-0.016462000086903572,-0.007199000101536512,0,0.017836999148130417,0.8611930012702942,0.5079650282859802,0,-0.00216299993917346,-0.508010983467102,0.8613479733467102,0,-0.014400999993085861,3.5109260082244873,0,1,0.999983012676239,-0.005822000093758106,0.00022400000307243317,0,0.005822000093758106,0.999983012676239,0,0,-0.00022400000307243317,0,1,0,0.01683099940419197,3.3538849353790283,0,1,0.9987519979476929,0.04192100465297699,0.027132000774145126,0,-0.04867100343108177,0.9387059807777405,0.341266006231308,0,-0.011163000017404556,-0.34216099977493286,0.9395750164985657,0,-1.1388390064239502,10.167268753051758,-0.31460699439048767,1,0.9987949728965759,-0.04817499965429306,-0.009320000186562538,0,0.04391700029373169,0.7929530143737793,0.6076980233192444,0,-0.02188500016927719,-0.607375979423523,0.7941129803657532,0,0.0066189998760819435,2.864384889602661,0,1,0.9999300241470337,-0.011831999756395817,-0.0005579999997280538,0,0.011831999756395817,0.9999300241470337,-0.000004999999873689376,0,0.0005579999997280538,-0.0000019999999949504854,1,0,0.011176000349223614,2.783703088760376,0,1,0.9957280158996582,0.07705499976873398,0.050870999693870544,0,-0.09060999751091003,0.9214019775390625,0.37790098786354065,0,-0.01775299943983555,-0.3808960020542145,0.9244480133056641,0,-3.4517970085144043,9.111095428466797,0.11485499888658524,1,0.9928990006446838,-0.1174359992146492,-0.018970999866724014,0,0.10095000267028809,0.747439980506897,0.6566150188446045,0,-0.06293000280857086,-0.6538680195808411,0.7539870142936707,0,-0.018036000430583954,2.649035930633545,0,1,0.9999979734420776,0.0019890000112354755,-0.00008299999899463728,0,-0.0019890000112354755,0.9999979734420776,0,0,0.00008299999899463728,0,1,0,0.007772000040858984,2.2831289768218994,0,1,-0.962448000907898,-0.18299800157546997,0.20051400363445282,0,0.25028398633003235,-0.8842139840126038,0.39436501264572144,0,0.10513000190258026,0.4297409951686859,0.8968110084533691,0,8.93294620513916,-5.757384777069092,-1.0820709466934204,1,0.9670929908752441,-0.166703000664711,-0.19220100343227386,0,0.015672998502850533,0.7930399775505066,-0.6089680194854736,0,0.25393998622894287,0.5859169960021973,0.7695559859275818,0,0,40.51551055908203,0,1,0.9931889772415161,-0.06758999824523926,0.09490399807691574,0,-0.0510919988155365,0.4793890118598938,0.876114010810852,0,-0.10471200197935104,-0.8749960064888,0.4726710021495819,0,0,37.743064880371094,0,1,0.9991739988327026,-0.03522999584674835,-0.020263005048036575,0,0.039976999163627625,0.7621200084686279,0.6462010145187378,0,-0.007322993595153093,-0.6464769840240479,0.7628980278968811,0,0,20.044143676757812,0,1,-0.9328950047492981,0.26240798830986023,-0.24667499959468842,0,-0.2687000036239624,-0.9631869792938232,-0.008429002948105335,0,-0.23980599641799927,0.058417994529008865,0.9690619707107544,0,-8.93294620513916,-5.757384777069092,-0.8280829787254333,1,0.9881730079650879,-0.05173999443650246,-0.14435000717639923,0,-0.04444200173020363,0.8043220043182373,-0.5925300121307373,0,0.14676199853420258,0.5919370055198669,0.7925099730491638,0,0,40.53126907348633,0,1,0.9667260050773621,0.25062599778175354,-0.05126500129699707,0,-0.004464999306946993,0.21689599752426147,0.9761850237846375,0,0.2557770013809204,-0.9434739947319031,0.2107979953289032,0,0,37.7359504699707,0,1,0.9994919896125793,-0.00046099998871795833,-0.03186799958348274,0,0.020656999200582504,0.7708240151405334,0.6367130279541016,0,0.024271000176668167,-0.6370469927787781,0.770442008972168,0,0,19.978723526000977,0,1
