0.700,30,20,65
B0,mixamorig_Hips,-1,0.9970399737358093,0.0034633525647222996,-0.0767626240849495,0,0.0017326612723991275,0.9976738095283508,0.0677771344780922,0,0.07681920379400253,-0.06770938634872437,0.9947141408920288,0,1.5395687818527222,95.58336639404297,8.318717956542969,1
B1,mixamorig_Spine,0,0.9970976710319519,-0.012729799374938011,-0.07503311336040497,0,0.00924631766974926,0.9988713264465332,-0.04653226211667061,0,0.07553938776254654,0.045704733580350876,0.9960907697677612,0,0,10.36929988861084,-1.0242999792099,1
B2,mixamorig_Spine1,1,0.9860989451408386,-0.00357818347401917,-0.16605402529239655,0,0.02087230607867241,0.9944890737533569,0.1026388481259346,0,0.1647724062204361,-0.10467947274446487,0.980739414691925,0,0,12.156399726867676,0,1
B3,mixamorig_Spine2,2,0.9860989451408386,-0.00357818347401917,-0.16605402529239655,0,0.02087230607867241,0.9944889545440674,0.1026388481259346,0,0.1647724062204361,-0.10467947274446487,0.980739414691925,0,0,13.892999649047852,0,1
B4,mixamorig_Neck,3,0.9899777173995972,0.012879676185548306,0.14042189717292786,0,-0.0229991115629673,0.9972193837165833,0.07055366039276123,0,-0.13910621404647827,-0.07310699671506882,0.9875568151473999,0,0,15.629599571228027,0,1
B5,mixamorig_Head,4,0.9423923492431641,-0.023822832852602005,0.3334726095199585,0,0.06068511679768562,0.9929805994033813,-0.10052169859409332,0,-0.3286839425563812,0.11499515175819397,0.9373689889907837,0,0,5.48330020904541,1.5434000492095947,1
B6,mixamorig_HeadTop_End,5,1,0,0,0,0,1,0,0,0,0,1,0,0,25.40130043029785,7.149700164794922,1
B7,mixamorig_LeftShoulder,3,-0.08387240767478943,0.024515466764569283,-0.9961686730384827,0,0.9266769886016846,-0.3655945658683777,-0.08702640980482101,0,-0.3663281798362732,-0.930436909198761,0.007928169332444668,0,6.321199893951416,13.84220027923584,-0.2069000005722046,1
B8,mixamorig_LeftArm,7,0.8262722492218018,-0.44176679849624634,-0.34891408681869507,0,0.557968020439148,0.7249029278755188,0.403493732213974,0,0.0746181458234787,-0.5282800793647766,0.845772385597229,0,0,13.3927001953125,0,1
B9,mixamorig_LeftForeArm,8,0.18716175854206085,0.97701096534729,-0.10185723006725311,0,-0.9120403528213501,0.21133123338222504,0.3514249920845032,0,0.3648935556411743,0.027132026851177216,0.930627703666687,0,0,27.344999313354492,0,1
B10,mixamorig_LeftHand,9,0.9218556880950928,0.26216861605644226,-0.285197377204895,0,-0.25956425070762634,0.964545726776123,0.04766615480184555,0,0.28759098052978516,0.030063381418585777,0.9572252035140991,0,0,23.056400299072266,0,1
B11,mixamorig_LeftHandThumb1,10,0.8332449793815613,0.5526210069656372,0.017681000754237175,0,-0.4845309853553772,0.7144280076026917,0.5047981142997742,0,0.2663300037384033,-0.4291880130767822,0.8630560040473938,0,-2.872999906539917,2.967400074005127,1.3085999488830566,1
B12,mixamorig_LeftHandThumb2,11,0.9973180294036865,-0.07226186245679855,0.011601000092923641,0,0.07235000282526016,0.9973520040512085,-0.007412999868392944,0,-0.011034864000976086,0.008232000283896923,0.999904990196228,0,-0.6026999950408936,3.413300037384033,0,1
B13,mixamorig_LeftHandThumb3,12,0.9851070046424866,0.17188799381256104,0.004346136003732681,0,-0.17188599705696106,0.9851160049438477,-0.0008270000107586384,0,-0.004424000158905983,0.00006800000119255856,0.9999899864196777,0,0.052000001072883606,3.388000011444092,0,1
B14,mixamorig_LeftHandThumb4,13,1,0,0,0,0,1,0,0,0,0,1,0,0.5507000088691711,2.893199920654297,0,1
B15,mixamorig_LeftHandIndex1,10,0.9830361604690552,0.17678654193878174,0.04885055124759674,0,-0.12468895316123962,0.44883161783218384,0.884871780872345,0,0.13450747728347778,-0.8759522438049316,0.463260680437088,0,-3.5892999172210693,9.81760025024414,0.1607999950647354,1
B16,mixamorig_LeftHandIndex2,15,0.9968786835670471,0.04597344249486923,0.06418764591217041,0,-0.07540345191955566,0.3133416771888733,0.9466394782066345,0,0.023408232256770134,-0.9485242962837219,0.31582993268966675,0,0.01810000091791153,3.3076999187469482,0,1
B17,mixamorig_LeftHandIndex3,16,0.9999949932098389,-0.0031139999628067017,0.0001880000054370612,0,0.0031139999628067017,0.9999949932098389,9.999999974752427e-7,0,-0.0001880000054370612,0,1,0,-0.005400000140070915,3.035399913787842,0,1
B18,mixamorig_LeftHandIndex4,17,1,0,0,0,0,1,0,0,0,0,1,0,-0.012799999676644802,2.615799903869629,0,1
B19,mixamorig_LeftHandMiddle1,10,0.9876182675361633,0.14748986065387726,0.05345309525728226,0,-0.10849573463201523,0.39605847001075745,0.9117894768714905,0,0.11330973356962204,-0.9062999486923218,0.40715718269348145,0,-1.028499960899353,10.135100364685059,-0.2045000046491623,1
B20,mixamorig_LeftHandMiddle2,19,0.99653559923172,0.06555156409740448,0.051185086369514465,0,-0.07384181767702103,0.41420823335647583,0.9071792364120483,0,0.03826609626412392,-0.9078154563903809,0.4176136255264282,0,0.01549999974668026,3.486299991607666,0,1
B21,mixamorig_LeftHandMiddle3,20,0.9999989867210388,0.0013841360341757536,-0.00008099999831756577,0,-0.0013841360341757536,0.9999989867210388,0,0,0.00008099999831756577,0,1,0,-0.010300000198185444,3.2600998878479004,0,1
B22,mixamorig_LeftHandMiddle4,21,1,0,0,0,0,1,0,0,0,0,1,0,-0.005200000014156103,2.9296000003814697,0,1
B23,mixamorig_LeftHandRing1,10,0.999102771282196,-0.010622933506965637,0.040992483496665955,0,-0.03507143631577492,0.33491820096969604,0.9415913224220276,0,-0.023731516674160957,-0.9421843886375427,0.33424532413482666,0,1.1486999988555908,10.207799911499023,-0.2809999883174896,1
B24,mixamorig_LeftHandRing2,23,0.9988750219345093,0.04382156953215599,0.01811218075454235,0,-0.033078599721193314,0.3703112304210663,0.9283153414726257,0,0.033972714096307755,-0.9278708100318909,0.37134402990341187,0,-0.004000000189989805,2.86080002784729,0,1
B25,mixamorig_LeftHandRing3,24,0.9999840259552002,0.005592136178165674,0.00020199999562464654,0,-0.005592136178165674,0.9999840259552002,-9.999999974752427e-7,0,-0.00020199999562464654,0,1,0,-0.004900000058114529,2.768399953842163,0,1
B26,mixamorig_LeftHandRing4,25,1,0,0,0,0,1,0,0,0,0,1,0,0.008899999782443047,2.3282999992370605,0,1
B27,mixamorig_LeftHandPinky1,10,0.9933810234069824,-0.10759000480175018,0.040221575647592545,0,-0.013380292803049088,0.23938962817192078,0.9708281755447388,0,-0.11408010870218277,-0.9649409055709839,0.2363656461238861,0,3.469099998474121,9.014800071716309,0.09000000357627869,1
B28,mixamorig_LeftHandPinky2,27,0.9964437484741211,0.0839855819940567,0.006817041430622339,0,-0.02451067790389061,0.21149438619613647,0.9770690202713013,0,0.08061736077070236,-0.9737616777420044,0.2128005176782608,0,0.013500000350177288,2.674999952316284,0,1
B29,mixamorig_LeftHandPinky3,28,0.9999979734420776,-0.0017509999452158809,0.000029000000722589903,0,0.0017509999452158809,0.9999979734420776,0,0,-0.000029000000722589903,0,1,0,-0.005499999970197678,2.3036000728607178,0,1
B30,mixamorig_LeftHandPinky4,29,1,0,0,0,0,1,0,0,0,0,1,0,-0.00800000037997961,1.9332000017166138,0,1
B31,mixamorig_RightShoulder,3,0.12151633948087692,-0.021188953891396523,0.9923614859580994,0,-0.9074734449386597,-0.40740907192230225,0.10242020338773727,0,0.40212705731391907,-0.9129908084869385,-0.06874286383390427,0,-6.321199893951416,13.836299896240234,-0.1467999964952469,1
B32,mixamorig_RightArm,31,0.992635190486908,0.11825058609247208,-0.022677700966596603,0,-0.07931160926818848,0.7838335037231445,0.6157596111297607,0,0.09061399102210999,-0.6095655560493469,0.7875251770019531,0,0,13.3927001953125,0,1
B33,mixamorig_RightForeArm,32,-0.23541530966758728,-0.9348824620246887,-0.26562342047691345,0,0.9518753290176392,-0.2769625186920166,0.13113722205162048,0,-0.19616389274597168,-0.2219875603914261,0.9551026225090027,0,0,27.351600646972656,0,1
B34,mixamorig_RightHand,33,0.9326196908950806,-0.3600882887840271,-0.023484794422984123,0,0.3546665906906128,0.902686595916748,0.24364587664604187,0,-0.0665334165096283,-0.2355569750070572,0.9695795178413391,0,0,23.05459976196289,0,1
B35,mixamorig_RightHandThumb1,34,0.8886646628379822,-0.4543582797050476,0.061920806765556335,0,0.3534523546695709,0.7647290825843811,0.5387587547302246,0,-0.29214173555374146,-0.45688939094543457,0.8401816487312317,0,2.896399974822998,3.0095999240875244,1.3174999952316284,1
B36,mixamorig_RightHandThumb2,35,0.990328848361969,0.13812828063964844,-0.012964808382093906,0,-0.1381710171699524,0.9904049634933472,-0.002490028040483594,0,0.01249698456376791,0.004257013089954853,0.9999129772186279,0,0.6165000200271606,3.449199914932251,0,1
B37,mixamorig_RightHandThumb3,36,0.9864299893379211,-0.1637050062417984,-0.012525863945484161,0,0.16368800401687622,0.9865090250968933,-0.0023759999312460423,0,0.012745863758027554,0.00029299999005161226,0.9999189972877502,0,-0.07800000160932541,3.388700008392334,0,1
B38,mixamorig_RightHandThumb4,37,1,0,0,0,0,1,0,0,0,0,1,0,-0.5383999943733215,2.838399887084961,0,1
B39,mixamorig_RightHandIndex1,34,0.985145628452301,-0.16193673014640808,0.05713954195380211,0,-0.028915489092469215,0.1715621054172516,0.9847484230995178,0,-0.16926974058151245,-0.9717732071876526,0.16433162987232208,0,3.58489990234375,9.87399959564209,0.15649999678134918,1
B40,mixamorig_RightHandIndex2,39,0.9950883984565735,-0.033115144819021225,-0.0932837575674057,0,0.08532515913248062,-0.19077037274837494,0.977919340133667,0,-0.050179436802864075,-0.9810754060745239,-0.187007874250412,0,-0.016300000250339508,3.2314999103546143,0,1
B41,mixamorig_RightHandIndex3,40,0.9999949932098389,-0.0032889998983591795,0.00012799999967683107,0,0.0032889998983591795,0.9999949932098389,0,0,-0.00012799999967683107,9.999999974752427e-7,1,0,0.013399999588727951,3.0573999881744385,0,1
B42,mixamorig_RightHandIndex4,41,1,0,0,0,0,1,0,0,0,0,1,0,0.002899999963119626,2.6512999534606934,0,1
B43,mixamorig_RightHandMiddle1,34,0.9904080629348755,-0.13214705884456635,-0.04036177694797516,0,0.050085313618183136,0.07110077142715454,0.996211051940918,0,-0.12877684831619263,-0.9886763095855713,0.07703731209039688,0,1.0056999921798706,9.994999885559082,-0.24220000207424164,1
B44,mixamorig_RightHandMiddle2,43,0.9953187704086304,-0.058308910578489304,-0.07707058638334274,0,0.07202944904565811,-0.08411591500043869,0.9938492178916931,0,-0.0644330382347107,-0.9947484731674194,-0.07952255010604858,0,-0.014399999752640724,3.5109000205993652,0,1
B45,mixamorig_RightHandMiddle3,44,0.999983012676239,-0.005820999853312969,0.00022400000307243317,0,0.005820999853312969,0.999983012676239,0,0,-0.00022400000307243317,9.999999974752427e-7,1,0,0.01679999940097332,3.3538999557495117,0,1
B46,mixamorig_RightHandMiddle4,45,1,0,0,0,0,1,0,0,0,0,1,0,-0.002400000113993883,2.953900098800659,0,1
B47,mixamorig_RightHandRing1,34,0.9979361891746521,-0.020319774746894836,-0.060908544808626175,0,0.05964338034391403,-0.057928912341594696,0.9965375065803528,0,-0.023777777329087257,-0.9981133341789246,-0.05659736692905426,0,-1.138800024986267,10.1673002243042,-0.31459999084472656,1
B48,mixamorig_RightHandRing2,47,0.9952213168144226,-0.07450545579195023,-0.0631089136004448,0,0.05295597016811371,-0.13114769756793976,0.9899474382400513,0,-0.08203364163637161,-0.9885591864585876,-0.12657587230205536,0,0.006599999964237213,2.8643999099731445,0,1
B49,mixamorig_RightHandRing3,48,0.9999300241470337,-0.011831999756395817,-0.0005579999997280538,0,0.011831999756395817,0.9999300241470337,-0.000003999999989900971,0,0.0005579999997280538,-0.0000019999999949504854,1,0,0.01119999960064888,2.7836999893188477,0,1
B50,mixamorig_RightHandRing4,49,1,0,0,0,0,1,0,0,0,0,1,0,-0.017799999564886093,2.279400110244751,0,1
B51,mixamorig_RightHandPinky1,34,0.9952191114425659,0.055923160165548325,-0.08006975799798965,0,0.09241418540477753,-0.27400973439216614,0.9572758674621582,0,0.03159446641802788,-0.9600991606712341,-0.2778684198856354,0,-3.4518001079559326,9.111100196838379,0.11490000039339066,1
B52,mixamorig_RightHandPinky2,51,0.9869303703308105,-0.13893873989582062,-0.0816410556435585,0,0.03802906721830368,-0.29150626063346863,0.9558121562004089,0,-0.15659797191619873,-0.9464250802993774,-0.28241240978240967,0,-0.017999999225139618,2.6489999294281006,0,1
B53,mixamorig_RightHandPinky3,52,0.9999979734420776,0.0019890000112354755,-0.00008299999899463728,0,-0.0019890000112354755,0.9999979734420776,0,0,0.00008299999899463728,0,1,0,0.007799999788403511,2.283099889755249,0,1
B54,mixamorig_RightHandPinky4,53,1,0,0,0,0,1,0,0,0,0,1,0,0.010300000198185444,1.9055999517440796,0,1
B55,mixamorig_LeftUpLeg,0,-0.993631899356842,0.02958301268517971,-0.10849393904209137,0,-0.08841803669929504,-0.8004965782165527,0.5919106602668762,0,-0.06955474615097046,0.5977760553359985,0.7980234026908875,0,8.932900428771973,-5.757400035858154,-1.0821000337600708,1
B56,mixamorig_LeftLeg,55,0.9980185627937317,-0.04017052426934242,0.04811510443687439,0,0.055893346667289734,0.9187161326408386,-0.39041510224342346,0,-0.028458841145038605,0.39234504103660583,0.9191470742225647,0,0,40.515499114990234,0,1
B57,mixamorig_LeftFoot,56,0.9931946992874146,0.01573062688112259,0.11536712944507599,0,-0.11624452471733093,0.19305762648582458,0.974237859249115,0,-0.006958254612982273,-0.9810198545455933,0.19357414543628693,0,0,37.743099212646484,0,1
B58,mixamorig_LeftToeBase,57,0.9946168661117554,-0.09922704845666885,0.029047083109617233,0,0.05590326339006424,0.7524597644805908,0.6562579870223999,0,-0.0869755744934082,-0.6510947346687317,0.7539684176445007,0,0,20.044099807739258,0,1
B59,mixamorig_LeftToe_End,58,1,0,0,0,0,1,0,0,0,0,1,0,0,7.662399768829346,0,1
B60,mixamorig_RightUpLeg,0,-0.9830607771873474,0.12711308896541595,-0.131980761885643,0,-0.06368651241064072,-0.912322998046875,-0.40359970927238464,0,-0.17175768315792084,-0.3883475959300995,0.9049631953239441,0,-8.932900428771973,-5.757400035858154,-0.8281000256538391,1
B61,mixamorig_RightLeg,60,0.999550461769104,-0.018551159650087357,-0.019836420193314552,0,0.0012083856854587793,0.7192355990409851,-0.6848854422569275,0,0.027280183508992195,0.6845762729644775,0.7189107537269592,0,0,40.53129959106445,0,1
B62,mixamorig_RightFoot,61,0.9861550331115723,0.1264876425266266,-0.10598985850811005,0,-0.06249069422483444,0.8793337345123291,0.4710884094238281,0,0.1524777114391327,-0.4579274356365204,0.8752748966217041,0,0,37.73590087890625,0,1
B63,mixamorig_RightToeBase,62,0.9959566593170166,0.015749730169773102,0.08498670160770416,0,-0.07662265002727509,0.6258471608161926,0.7743233442306519,0,-0.039972104132175446,-0.7781906127929688,0.6246665120124817,0,0,19.978700637817383,0,1
B64,mixamorig_RightToe_End,63,1,0,0,0,0,1,0,0,0,0,1,0,0,7.69980001449585,0,1
@52,0,1,2,3,4,5,7,8,9,10,11,12,13,15,16,17,19,20,21,23,24,25,27,28,29,31,32,33,34,35,36,37,39,40,41,43,44,45,47,48,49,51,52,53,55,56,57,58,60,61,62,63
K0.000,0.9967600107192993,-0.0561630018055439,-0.05758100003004074,0,0.06128299981355667,0.9939280152320862,0.09139200299978256,0,0.05209900066256523,-0.09462399780750275,0.9941490292549133,0,0.18545900285243988,88.63896179199219,1.8638099431991577,1,0.9991909861564636,0.034898001700639725,-0.0199740007519722,0,-0.03513599932193756,0.99931401014328,-0.011707999743521214,0,0.019551999866962433,0.012400000356137753,0.9997320175170898,0,0,10.36929988861084,-1.0242999792099,1,0.998354971408844,0.04200800135731697,-0.03902599960565567,0,-0.03467300161719322,0.9843829870223999,0.17259299755096436,0,0.045667000114917755,-0.17095600068569183,0.984220027923584,0,0,12.156399726867676,0,1,0.998354971408844,0.04200800135731697,-0.03902599960565567,0,-0.03467300161719322,0.9843829870223999,0.17259299755096436,0,0.045667000114917755,-0.17095600068569183,0.984220027923584,0,0,13.892999649047852,0,1,0.9984650015830994,-0.005807999987155199,0.05507799983024597,0,0.007577000185847282,0.999459981918335,-0.031957998871803284,0,-0.05486299842596054,0.032326001673936844,0.9979699850082397,0,0,15.629599571228027,0,1,0.9875940084457397,-0.057728998363018036,0.14603599905967712,0,0.0908150002360344,0.9686490297317505,-0.23123900592327118,0,-0.12810799479484558,0.24163199961185455,0.9618740081787109,0,0,5.48330020904541,1.5434000492095947,1,-0.02514900080859661,0.024562999606132507,-0.9993820190429688,0,0.9124850034713745,-0.4077790081501007,-0.03298399969935417,0,-0.4083369970321655,-0.9127500057220459,-0.012157999910414219,0,6.321199893951416,13.84220027923584,-0.2069000005722046,1,0.8516070246696472,-0.4271849989891052,-0.3037729859352112,0,0.5096719861030579,0.5394110083580017,0.6702769994735718,0,-0.12247399985790253,-0.7256370186805725,0.6770899891853333,0,0,13.3927001953125,0,1,-0.20864200592041016,0.968192994594574,0.13809899985790253,0,-0.9288489818572998,-0.2403710037469864,0.28189000487327576,0,0.30611899495124817,-0.06945899873971939,0.949455976486206,0,0,27.344999313354492,0,1,0.9291480183601379,0.25026899576187134,-0.27211999893188477,0,-0.24653899669647217,0.9679239988327026,0.048399001359939575,0,0.2755039930343628,0.02211800031363964,0.9610450267791748,0,0,23.056400299072266,0,1,0.8332449793815613,0.5526210069656372,0.017681000754237175,0,-0.4845309853553772,0.7144280076026917,0.5047979950904846,0,0.2663300037384033,-0.4291880130767822,0.8630560040473938,0,-2.872999906539917,2.967400074005127,1.3085999488830566,1,0.9973180294036865,-0.07226099818944931,0.011601000092923641,0,0.07235000282526016,0.9973520040512085,-0.007412999868392944,0,-0.011033999733626842,0.008232000283896923,0.999904990196228,0,-0.6026999950408936,3.413300037384033,0,1,0.9851070046424866,0.17188799381256104,0.004346000030636787,0,-0.17188599705696106,0.9851170182228088,-0.0008280000183731318,0,-0.004424000158905983,0.00006800000119255856,0.9999899864196777,0,0.052000001072883606,3.388000011444092,0,1,0.9808019995689392,0.18247799575328827,0.06877099722623825,0,-0.10800199955701828,0.21467499434947968,0.970695972442627,0,0.16236799955368042,-0.9594879746437073,0.23026099801063538,0,-3.5892999172210693,9.81760025024414,0.1607999950647354,1,0.9946230053901672,0.051479000598192215,0.08986199647188187,0,-0.09328299760818481,0.06843400001525879,0.9932850003242493,0,0.04498400166630745,-0.9963269829750061,0.0728679969906807,0,0.01810000091791153,3.3076999187469482,0,1,0.9999949932098389,-0.0031139999628067017,0.0001880000054370612,0,0.0031139999628067017,0.9999949932098389,0,0,-0.0001880000054370612,0,1,0,-0.005400000140070915,3.035399913787842,0,1,0.9856359958648682,0.1521179974079132,0.07336600124835968,0,-0.09734000265598297,0.15668199956417084,0.9828410148620605,0,0.13801300525665283,-0.9758639931678772,0.16923800110816956,0,-1.028499960899353,10.135100364685059,-0.2045000046491623,1,0.9946320056915283,0.07322400063276291,0.07310699671506882,0,-0.08501700311899185,0.17560400068759918,0.9807829856872559,0,0.05897900089621544,-0.9817339777946472,0.18088600039482117,0,0.01549999974668026,3.486299991607666,0,1,0.9999989867210388,0.001383999944664538,-0.00008099999831756577,0,-0.001383999944664538,0.9999989867210388,0,0,0.00008099999831756577,0,1,0,-0.010300000198185444,3.2600998878479004,0,1,0.9986889958381653,-0.008129999972879887,0.05053799971938133,0,-0.04958999902009964,0.09108799695968628,0.9946069717407227,0,-0.012690000236034393,-0.9958099722862244,0.09056500345468521,0,1.1486999988555908,10.207799911499023,-0.2809999883174896,1,0.9986109733581543,0.046167001128196716,0.025371000170707703,0,-0.03112100064754486,0.1284170001745224,0.9912319779396057,0,0.042504001408815384,-0.9906449913978577,0.1296759992837906,0,-0.004000000189989805,2.86080002784729,0,1,0.9999840259552002,0.00559200020506978,0.00020199999562464654,0,-0.00559200020506978,0.9999840259552002,0,0,-0.00020199999562464654,0,1,0,-0.004900000058114529,2.768399953842163,0,1,0.9929649829864502,-0.1078220009803772,0.04893200099468231,0,-0.04989999905228615,-0.0062950002029538155,0.9987339973449707,0,-0.10737700015306473,-0.9941499829292297,-0.011630999855697155,0,3.469099998474121,9.014800071716309,0.09000000357627869,1,0.9963840246200562,0.08463600277900696,0.007414999883621931,0,-0.004323999863117933,-0.03664200007915497,0.9993190169334412,0,0.0848499983549118,-0.9957380294799805,-0.03614399954676628,0,0.013500000350177288,2.674999952316284,0,1,0.9999979734420776,-0.0017509999452158809,0.000029000000722589903,0,0.0017509999452158809,0.9999979734420776,0,0,-0.000029000000722589903,0,1,0,-0.005499999970197678,2.3036000728607178,0,1,0.0671980008482933,-0.017784999683499336,0.9975810050964355,0,-0.9040219783782959,-0.42414501309394836,0.05333400145173073,0,0.4221700131893158,-0.9054200053215027,-0.04458000138401985,0,-6.321199893951416,13.836299896240234,-0.1467999964952469,1,0.9625399708747864,0.26135799288749695,0.07217299938201904,0,-0.24900899827480316,0.746753990650177,0.6167269945144653,0,0.10729099810123444,-0.6115959882736206,0.783860981464386,0,0,13.3927001953125,0,1,0.03963400050997734,-0.9886289834976196,-0.1450600028038025,0,0.9850010275840759,0.01425699982792139,0.17195799946784973,0,-0.16793499886989594,-0.14970000088214874,0.9743649959564209,0,0,27.351600646972656,0,1,0.9968730211257935,-0.0005130000063218176,0.07901299744844437,0,-0.004825999960303307,0.997717022895813,0.06735800206661224,0,-0.07886700332164764,-0.06752800196409225,0.9945949912071228,0,0,23.05459976196289,0,1,0.8771029710769653,-0.47739699482917786,0.052754998207092285,0,0.3773689866065979,0.7529090046882629,0.5391860008239746,0,-0.2971250116825104,-0.45301300287246704,0.8405330181121826,0,2.896399974822998,3.0095999240875244,1.3174999952316284,1,0.9998400211334229,0.013426999561488628,-0.011824999935925007,0,-0.013558999635279179,0.9998459815979004,-0.01116000022739172,0,0.01167299970984459,0.011319000273942947,0.9998679757118225,0,0.6165000200271606,3.449199914932251,0,1,0.9864299893379211,-0.1637060046195984,-0.012525999918580055,0,0.1636890023946762,0.9865090250968933,-0.0023759999312460423,0,0.012745999731123447,0.00029299999005161226,0.9999189972877502,0,-0.07800000160932541,3.388700008392334,0,1,0.9881110191345215,-0.1393350064754486,0.0649769976735115,0,-0.01707500033080578,0.3205629885196686,0.9470729827880859,0,-0.15278999507427216,-0.9369230270385742,0.3143720030784607,0,3.58489990234375,9.87399959564209,0.15649999678134918,1,0.9962329864501953,-0.03398500010371208,-0.0797789990901947,0,0.07853300124406815,-0.03654500097036362,0.9962409734725952,0,-0.03677299991250038,-0.9987540245056152,-0.03373799845576286,0,-0.016300000250339508,3.2314999103546143,0,1,0.9999949932098389,-0.0032889998983591795,0.00012799999967683107,0,0.0032889998983591795,0.9999949932098389,0,0,-0.00012799999967683107,0,1,0,0.013399999588727951,3.0573999881744385,0,1,0.9917340278625488,-0.12442799657583237,-0.0313120000064373,0,0.058866001665592194,0.22440099716186523,0.9727169871330261,0,-0.11400700360536575,-0.9665200114250183,0.22987100481987,0,1.0056999921798706,9.994999885559082,-0.24220000207424164,1,0.996196985244751,-0.05767799913883209,-0.06530100107192993,0,0.06935399770736694,0.07131499797105789,0.9950399994850159,0,-0.05273500084877014,-0.9957849979400635,0.07504399865865707,0,-0.014399999752640724,3.5109000205993652,0,1,0.999983012676239,-0.005822000093758106,0.00022400000307243317,0,0.005822000093758106,0.999983012676239,0,0,-0.00022400000307243317,0,1,0,0.01679999940097332,3.3538999557495117,0,1,0.9985389709472656,-0.019679000601172447,-0.05032600089907646,0,0.05200999975204468,0.09732799977064133,0.9938920140266418,0,-0.014661000110208988,-0.995058000087738,0.09820900112390518,0,-1.138800024986267,10.1673002243042,-0.31459999084472656,1,0.9957810044288635,-0.07424499839544296,-0.05392500013113022,0,0.05584799870848656,0.024065999314188957,0.9981489777565002,0,-0.07281000167131424,-0.9969499707221985,0.02811099961400032,0,0.006599999964237213,2.8643999099731445,0,1,0.9999300241470337,-0.011831999756395817,-0.0005579999997280538,0,0.011831999756395817,0.9999300241470337,-0.000003999999989900971,0,0.0005579999997280538,-0.0000019999999949504854,1,0,0.01119999960064888,2.7836999893188477,0,1,0.9964479804039001,0.05199600011110306,-0.06623899936676025,0,0.07222799956798553,-0.12331900000572205,0.9897350072860718,0,0.043292999267578125,-0.9910039901733398,-0.12663599848747253,0,-3.4518001079559326,9.111100196838379,0.11490000039339066,1,0.9874399900436401,-0.14047299325466156,-0.0723159983754158,0,0.05245700106024742,-0.14025600254535675,0.9887250065803528,0,-0.14903199672698975,-0.9800999760627747,-0.13112500309944153,0,-0.017999999225139618,2.6489999294281006,0,1,0.9999979734420776,0.0019890000112354755,-0.00008299999899463728,0,-0.0019890000112354755,0.9999979734420776,0,0,0.00008299999899463728,0,1,0,0.007799999788403511,2.283099889755249,0,1,-0.9961619973182678,0.053644999861717224,0.0691630020737648,0,0.003343000076711178,-0.7662839889526367,0.6424940228462219,0,0.08746500313282013,0.6402590274810791,0.7631629705429077,0,8.932900428771973,-5.757400035858154,-1.0821000337600708,1,0.9763810038566589,0.20281599462032318,-0.07447499781847,0,-0.025831999257206917,-0.23264500498771667,-0.9722189903259277,0,-0.21450799703598022,0.951179027557373,-0.2219109982252121,0,0,40.515499114990234,0,1,0.9810900092124939,0.14777100086212158,0.1250070035457611,0,-0.16738100349903107,0.3234170079231262,0.9313349723815918,0,0.09719499945640564,-0.9346470236778259,0.3420349955558777,0,0,37.743099212646484,0,1,0.9904130101203918,-0.11065199971199036,0.08269599825143814,0,0.03641499951481819,0.7865999937057495,0.6163889765739441,0,-0.1332540065050125,-0.6074680089950562,0.7830880284309387,0,0,20.044099807739258,0,1,-0.9934880137443542,-0.09024199843406677,-0.06955400109291077,0,0.06311400234699249,-0.9441360235214233,0.3234570026397705,0,-0.09485799819231033,0.31696099042892456,0.9436830282211304,0,-8.932900428771973,-5.757400035858154,-0.8281000256538391,1,0.9999070167541504,0.013477000407874584,0.0020000000949949026,0,-0.006587999872863293,0.6067439913749695,-0.7948700189590454,0,-0.011926000006496906,0.7947829961776733,0.6067759990692139,0,0,40.53129959106445,0,1,0.9909759759902954,-0.04973699897527695,-0.12446899712085724,0,0.1291240006685257,0.10509900003671646,0.9860429763793945,0,-0.03596099838614464,-0.9932169914245605,0.11057300120592117,0,0,37.73590087890625,0,1,0.9799630045890808,0.13907800614833832,0.1425810009241104,0,-0.1987690031528473,0.6369749903678894,0.7448179721832275,0,0.012767000123858452,-0.758234977722168,0.6518570184707642,0,0,19.978700637817383,0,1
K0.033,0.998416006565094,-0.034264788031578064,-0.04462214186787605,0,0.03828379884362221,0.9949690103530884,0.09257394820451736,0,0.04122516140341759,-0.09413594007492065,0.9947050213813782,0,0.5786320567131042,90.68246459960938,3.248798131942749,1,0.9987990260124207,0.02453985996544361,-0.042401187121868134,0,-0.025349868461489677,0.999504029750824,-0.01868308335542679,0,0.0419221855700016,0.019735079258680344,0.9989259839057922,0,0,10.36929988861084,-1.0242999792099,1,0.9959899187088013,0.03547890856862068,-0.0821353867650032,0,-0.022048868238925934,0.9870330095291138,0.15899284183979034,0,0.0867103636264801,-0.15654483437538147,0.9838569760322571,0,0,12.156399726867676,0,1,0.9959899187088013,0.03547890856862068,-0.0821353867650032,0,-0.022048868238925934,0.9870330095291138,0.15899284183979034,0,0.08671136200428009,-0.15654483437538147,0.9838569760322571,0,0,13.892999649047852,0,1,0.9968960285186768,-0.01647891290485859,0.0769813135266304,0,0.019105903804302216,0.9992560148239136,-0.03351282700896263,0,-0.07637131959199905,0.03487982600927353,0.9964690208435059,0,0,15.629599571228027,0,1,0.9757938385009766,-0.042688947170972824,0.21448369324207306,0,0.08379700779914856,0.9788930416107178,-0.18640269339084625,0,-0.2019997090101242,0.1998637318611145,0.9587758779525757,0,0,5.48330020904541,1.5434000492095947,1,-0.03935416042804718,0.0251150019466877,-0.9989100098609924,0,0.916420042514801,-0.397554874420166,-0.04609914869070053,0,-0.3982788920402527,-0.9172350764274597,-0.00737094646319747,0,6.321199893951416,13.84220027923584,-0.2069000005722046,1,0.8299978971481323,-0.46122512221336365,-0.3136461079120636,0,0.5472002625465393,0.564401388168335,0.6180803179740906,0,-0.10805154591798782,-0.6846325397491455,0.720834493637085,0,0,13.3927001953125,0,1,-0.0998418778181076,0.9923310875892639,0.07287128269672394,0,-0.9401389956474304,-0.11806670576334,0.3196862041950226,0,0.3258381485939026,-0.036590687930583954,0.9447169303894043,0,0,27.344999313354492,0,1,0.9177269339561462,0.24908201396465302,-0.3094121515750885,0,-0.24424001574516296,0.9681559801101685,0.05496099218726158,0,0.3132491409778595,0.02513205260038376,0.9493389129638672,0,0,23.056400299072266,0,1,0.8332449793815613,0.5526210069656372,0.017681000754237175,0,-0.4845309853553772,0.7144280076026917,0.5047979950904846,0,0.2663300037384033,-0.4291880130767822,0.8630560040473938,0,-2.872999906539917,2.967400074005127,1.3085999488830566,1,0.9973180294036865,-0.0722619965672493,0.011601000092923641,0,0.07235000282526016,0.9973520040512085,-0.007412999868392944,0,-0.011033999733626842,0.008232000283896923,0.999904990196228,0,-0.6026999950408936,3.413300037384033,0,1,0.9851070046424866,0.17188799381256104,0.004346999805420637,0,-0.17188599705696106,0.9851160049438477,-0.0008270000107586384,0,-0.004424000158905983,0.00006800000119255856,0.9999899864196777,0,0.052000001072883606,3.388000011444092,0,1,0.9810159802436829,0.18211998045444489,0.06662994623184204,0,-0.1100650429725647,0.24000659584999084,0.9645118117332458,0,0.15966594219207764,-0.9535348415374756,0.2554956078529358,0,-3.5892999172210693,9.81760025024414,0.1607999950647354,1,0.9948800206184387,0.05120698735117912,0.08713093400001526,0,-0.09167896211147308,0.09446761757135391,0.9912979602813721,0,0.04253094270825386,-0.9942099452018738,0.09867861121892929,0,0.01810000091791153,3.3076999187469482,0,1,0.9999949932098389,-0.0031139999628067017,0.0001880000054370612,0,0.0031139999628067017,0.9999949932098389,0,0,-0.0001880000054370612,0,1,0,-0.005400000140070915,3.035399913787842,0,1,0.9858239889144897,0.15190698206424713,0.07124694436788559,0,-0.09880402684211731,0.18239061534404755,0.9782488942146301,0,0.13560794293880463,-0.9714208841323853,0.19481360912322998,0,-1.028499960899353,10.135100364685059,-0.2045000046491623,1,0.9948430061340332,0.07268298417329788,0.07073894143104553,0,-0.08409997820854187,0.2012886106967926,0.9759148955345154,0,0.056693948805332184,-0.97683185338974,0.20636360347270966,0,0.01549999974668026,3.486299991607666,0,1,0.9999989867210388,0.0013849999522790313,-0.00008099999831756577,0,-0.0013849999522790313,0.9999989867210388,0,0,0.00008099999831756577,0,1,0,-0.010300000198185444,3.2600998878479004,0,1,0.9987390041351318,-0.008310005068778992,0.049507979303598404,0,-0.04819696769118309,0.11707261949777603,0.9919528961181641,0,-0.014040029607713223,-0.9930889010429382,0.11652462184429169,0,1.1486999988555908,10.207799911499023,-0.2809999883174896,1,0.9986379742622375,0.046007994562387466,0.024589981883764267,0,-0.031425006687641144,0.15430961549282074,0.9875229001045227,0,0.04163997620344162,-0.9869508743286133,0.15554560720920563,0,-0.004000000189989805,2.86080002784729,0,1,0.9999840259552002,0.00559200020506978,0.00020199999562464654,0,-0.00559200020506978,0.9999840259552002,0,0,-0.00020199999562464654,0,1,0,-0.004900000058114529,2.768399953842163,0,1,0.9930229783058167,-0.10769599676132202,0.04802897945046425,0,-0.04618091136217117,0.019596615806221962,0.9987409710884094,0,-0.10850202292203903,-0.993990957736969,0.014485621824860573,0,3.469099998474121,9.014800071716309,0.09000000357627869,1,0.9963899850845337,0.08457499742507935,0.007345998659729958,0,-0.006474051158875227,-0.01057937741279602,0.9999229907989502,0,0.08464599400758743,-0.9963610172271729,-0.009994376450777054,0,0.013500000350177288,2.674999952316284,0,1,0.9999979734420776,-0.0017509999452158809,0.000029000000722589903,0,0.0017509999452158809,0.9999979734420776,0,0,-0.000029000000722589903,0,1,0,-0.005499999970197678,2.3036000728607178,0,1,0.09623214602470398,-0.02027199976146221,0.9951519966125488,0,-0.909404993057251,-0.4082200229167938,0.07962513715028763,0,0.4046260416507721,-0.9126589894294739,-0.05771906301379204,0,-6.321199893951416,13.836299896240234,-0.1467999964952469,1,0.9842829704284668,0.1763429045677185,-0.009474188089370728,0,-0.13071180880069733,0.7635629773139954,0.6323660612106323,0,0.11874710023403168,-0.6211889982223511,0.7746119499206543,0,0,13.3927001953125,0,1,-0.014213737100362778,-0.9855667948722839,-0.168685644865036,0,0.9894179701805115,-0.03822479769587517,0.1399637907743454,0,-0.1443919837474823,-0.16491153836250305,0.9756819009780884,0,0,27.351600646972656,0,1,0.9972099661827087,-0.02281491458415985,0.07107631862163544,0,0.018320951610803604,0.9978299140930176,0.06324724853038788,0,-0.07236441224813461,-0.06176824867725372,0.995464026927948,0,0,23.05459976196289,0,1,0.8781579732894897,-0.4753609299659729,0.05357001721858978,0,0.37525394558906555,0.7539860010147095,0.539156973361969,0,-0.29668501019477844,-0.45336198806762695,0.840499997138977,0,2.896399974822998,3.0095999240875244,1.3174999952316284,1,0.9996269941329956,0.02455427125096321,-0.011925002560019493,0,-0.024678271263837814,0.9996410012245178,-0.010399981401860714,0,0.011665000580251217,0.010690984316170216,0.999875009059906,0,0.6165000200271606,3.449199914932251,0,1,0.9864299893379211,-0.1637050062417984,-0.012524999678134918,0,0.16368800401687622,0.9865090250968933,-0.0023759999312460423,0,0.012745000422000885,0.00029399999766610563,0.9999189972877502,0,-0.07800000160932541,3.388700008392334,0,1,0.9878550171852112,-0.14139704406261444,0.06442398577928543,0,-0.018025023862719536,0.30753767490386963,0.9513651132583618,0,-0.1543320268392563,-0.940972089767456,0.30125367641448975,0,3.58489990234375,9.87399959564209,0.15649999678134918,1,0.9961349964141846,-0.03399699926376343,-0.08098603039979935,0,0.07922101765871048,-0.05038533732295036,0.9955829977989197,0,-0.03792703151702881,-0.9981510043144226,-0.04749733582139015,0,-0.016300000250339508,3.2314999103546143,0,1,0.9999949932098389,-0.0032889998983591795,0.00012799999967683107,0,0.0032889998983591795,0.9999949932098389,0,0,-0.00012799999967683107,0,1,0,0.013399999588727951,3.0573999881744385,0,1,0.9916160106658936,-0.1251630187034607,-0.03211401775479317,0,0.05822098255157471,0.21090267598628998,0.9757710695266724,0,-0.11535803228616714,-0.9694610834121704,0.2164216786623001,0,1.0056999921798706,9.994999885559082,-0.24220000207424164,1,0.9961220026016235,-0.057791002094745636,-0.06633802503347397,0,0.06965800374746323,0.05747266113758087,0.9959139823913574,0,-0.053742025047540665,-0.9966729879379272,0.0612756609916687,0,-0.014399999752640724,3.5109000205993652,0,1,0.999983012676239,-0.005822000093758106,0.00022400000307243317,0,0.005822000093758106,0.999983012676239,0,0,-0.00022400000307243317,0,1,0,0.01679999940097332,3.3538999557495117,0,1,0.9984869956970215,-0.019868001341819763,-0.05128202214837074,0,0.05277101695537567,0.08353666216135025,0.9951059818267822,0,-0.01548701897263527,-0.9963070154190063,0.08445866405963898,0,-1.138800024986267,10.1673002243042,-0.31459999084472656,1,0.9957249760627747,-0.0743900015950203,-0.054755017161369324,0,0.05566399544477463,0.010199660435318947,0.9983969926834106,0,-0.073713019490242,-0.997177004814148,0.01429666206240654,0,0.006599999964237213,2.8643999099731445,0,1,0.9999300241470337,-0.011831999756395817,-0.0005569999921135604,0,0.011831999756395817,0.9999300241470337,-0.00000400000999434269,0,0.0005569999921135604,-0.0000019999999949504854,1,0,0.01119999960064888,2.7836999893188477,0,1,0.9963520169258118,0.052222006022930145,-0.06750103086233139,0,0.07409904152154922,-0.13692033290863037,0.9878069162368774,0,0.042342979460954666,-0.9892049431800842,-0.14029033482074738,0,-3.4518001079559326,9.111100196838379,0.11490000039339066,1,0.9873890280723572,-0.14039699733257294,-0.0731540247797966,0,0.051218971610069275,-0.15392932295799255,0.9867529273033142,0,-0.14979802072048187,-0.9780559539794922,-0.14479732513427734,0,-0.017999999225139618,2.6489999294281006,0,1,0.9999979734420776,0.0019890000112354755,-0.00008299999899463728,0,-0.0019890000112354755,0.9999979734420776,0,0,0.00008299999899463728,0,1,0,0.007799999788403511,2.283099889755249,0,1,-0.9989879727363586,0.02480706013739109,0.03751061484217644,0,0.010733673349022865,-0.6784701943397522,0.7345498204231262,0,0.043671779334545135,0.7342088222503662,0.6775171756744385,0,8.932900428771973,-5.757400035858154,-1.0821000337600708,1,0.9901369214057922,0.14010079205036163,-0.0007358394213952124,0,0.00226958398707211,-0.021291911602020264,-0.9997702240943909,0,-0.1400851458311081,0.9899072051048279,-0.02140003629028797,0,0,40.515499114990234,0,1,0.9908959865570068,-0.11071054637432098,0.07660730928182602,0,-0.04076472669839859,0.2955861985683441,0.9544458985328674,0,-0.12831073999404907,-0.9488790035247803,0.28838229179382324,0,0,37.743099212646484,0,1,0.9945660829544067,0.09323878586292267,-0.04630763828754425,0,-0.04576425999403,0.7911016345024109,0.6099703907966614,0,0.09350695461034775,-0.6045364737510681,0.7910696864128113,0,0,20.044099807739258,0,1,-0.9912709593772888,-0.04256522282958031,-0.12477856129407883,0,0.04396774247288704,-0.9989965558052063,-0.00849977694451809,0,-0.12429159134626389,-0.013911706395447254,0.9921474456787109,0,-8.932900428771973,-5.757400035858154,-0.8281000256538391,1,0.9969177842140198,0.037376198917627335,0.06897343695163727,0,0.008676944300532341,0.8212764263153076,-0.570464015007019,0,-0.07796842604875565,0.5693039894104004,0.8184211850166321,0,0,40.53129959106445,0,1,0.9906750321388245,-0.06386183202266693,-0.12035074830055237,0,0.13071472942829132,0.19641423225402832,0.9717680215835571,0,-0.03842039033770561,-0.9784380197525024,0.20293018221855164,0,0,37.73590087890625,0,1,0.9779451489448547,0.1308927834033966,0.16275589168071747,0,-0.20792041718959808,0.536298394203186,0.818017303943634,0,0.019786464050412178,-0.8338173031806946,0.5516852140426636,0,0,19.978700637817383,0,1
