0.533,30,15,65
B0,mixamorig_Hips,-1,0.9974826574325562,-0.016133634373545647,-0.06897556036710739,0,0.01430004183202982,0.9995335936546326,-0.026939723640680313,0,0.0693771243095398,0.025887757539749146,0.9972488880157471,0,-0.10804246366024017,96.12715148925781,0.6293800473213196,1
B1,mixamorig_Spine,0,0.9817415475845337,0.16655457019805908,-0.09185993671417236,0,-0.18100763857364655,0.9664667248725891,-0.18213927745819092,0,0.058445949107408524,0.19543936848640442,0.9789707064628601,0,0,10.36929988861084,-1.0242999792099,1
B2,mixamorig_Spine1,1,0.9989322423934937,-0.04269809275865555,-0.017581487074494362,0,0.043779801577329636,0.9968153238296509,0.06664635986089706,0,0.014680220745503902,-0.06734561920166016,0.9976218342781067,0,0,12.156399726867676,0,1
B3,mixamorig_Spine2,2,0.9989891648292542,-0.041853584349155426,-0.0163691695779562,0,0.042867694050073624,0.9967993497848511,0.06747612357139587,0,0.013492371886968613,-0.06810978055000305,0.9975867867469788,0,0,13.892999649047852,0,1
B4,mixamorig_Neck,3,0.9950082898139954,-0.029089832678437233,-0.0954013392329216,0,0.020744509994983673,0.9959579110145569,-0.08733297884464264,0,0.0975559651851654,0.0849149078130722,0.9915995597839355,0,0,15.629599571228027,0,1
B5,mixamorig_Head,4,0.9947549700737,0.012506193481385708,0.1014939695596695,0,0.004605956841260195,0.9860056042671204,-0.16663895547389984,0,-0.10215891152620316,0.16623196005821228,0.9807805418968201,0,0,5.48330020904541,1.5434000492095947,1
B6,mixamorig_HeadTop_End,5,1,0,0,0,0,1,0,0,0,0,1,0,0,25.40130043029785,7.149700164794922,1
B7,mixamorig_LeftShoulder,3,-0.13681532442569733,-0.008996421471238136,-0.9905555248260498,0,0.9508152008056641,-0.28172197937965393,-0.1287681609392166,0,-0.2779034376144409,-0.959453284740448,0.0470978282392025,0,6.321199893951416,13.84220027923584,-0.2069000005722046,1
B8,mixamorig_LeftArm,7,0.49418362975120544,0.7379642724990845,-0.459509015083313,0,-0.2362140715122223,0.6226444244384766,0.7459854483604431,0,0.8366185426712036,-0.2601104974746704,0.48202475905418396,0,0,13.3927001953125,0,1
B9,mixamorig_LeftForeArm,8,0.8841047286987305,0.4670252799987793,0.01533833984285593,0,-0.46722549200057983,0.883040189743042,0.0439288355410099,0,0.0069726090878248215,-0.04600414261221886,0.9989164471626282,0,0,27.344999313354492,0,1
B10,mixamorig_LeftHand,9,0.9149101972579956,-0.06739239394664764,0.39796462655067444,0,0.021837126463651657,0.9927599430084229,0.117950439453125,0,-0.4030211865901947,-0.09921569377183914,0.9097778797149658,0,0,23.056400299072266,0,1
B11,mixamorig_LeftHandThumb1,10,0.926147997379303,0.37587401270866394,-0.031125999987125397,0,-0.34905800223350525,0.8854749798774719,0.3067460358142853,0,0.14285899698734283,-0.2732279896736145,0.9512820243835449,0,-2.872999906539917,2.967400074005127,1.3085999488830566,1
B12,mixamorig_LeftHandThumb2,11,0.9834830164909363,-0.18095199763774872,-0.004271000158041716,0,0.178848996758461,0.9751420021057129,-0.13081297278404236,0,0.02783600054681301,0.12788799405097961,0.9913979768753052,0,-0.6026999950408936,3.413300037384033,0,1
B13,mixamorig_LeftHandThumb3,12,0.9878730177879333,0.14997999370098114,-0.04015199840068817,0,-0.15526002645492554,0.9535359740257263,-0.2581929862499237,0,-0.00043796657701022923,0.26129600405693054,0.9652590155601501,0,0.052000001072883606,3.388000011444092,0,1
B14,mixamorig_LeftHandThumb4,13,1,0,0,0,0,1,0,0,0,0,1,0,0.5507000088691711,2.893199920654297,0,1
B15,mixamorig_LeftHandIndex1,10,0.9849050045013428,0.17058399319648743,0.029366033151745796,0,-0.17053399980068207,0.9272090196609497,0.3334690034389496,0,0.029656000435352325,-0.3334429860115051,0.9423040151596069,0,-3.5892999172210693,9.81760025024414,0.1607999950647354,1
B16,mixamorig_LeftHandIndex2,15,0.9994879961013794,-0.031849998980760574,-0.0032059999648481607,0,0.03181999921798706,0.9775879979133606,0.20810900628566742,0,-0.0034940000623464584,-0.2081039994955063,0.9781000018119812,0,0.01810000091791153,3.3076999187469482,0,1
B17,mixamorig_LeftHandIndex3,16,0.999858021736145,-0.016797000542283058,-0.0011739999754354358,0,0.016820000484585762,0.9931470155715942,0.1156580001115799,0,-0.0007769999792799354,-0.11566100269556046,0.993287980556488,0,-0.005400000140070915,3.035399913787842,0,1
B18,mixamorig_LeftHandIndex4,17,1,0,0,0,0,1,0,0,0,0,1,0,-0.012799999676644802,2.615799903869629,0,1
B19,mixamorig_LeftHandMiddle1,10,0.9818990230560303,0.1842140257358551,0.04402799904346466,0,-0.18889300525188446,0.9353770017623901,0.2989799976348877,0,0.013894000090658665,-0.3018850088119507,0.9532430171966553,0,-1.028499960899353,10.135100364685059,-0.2045000046491623,1
B20,mixamorig_LeftHandMiddle2,19,0.9994159936904907,-0.033966001123189926,-0.0038129999302327633,0,0.033959001302719116,0.9741439819335938,0.22336000204086304,0,-0.003871999913826585,-0.22335900366306305,0.9747290015220642,0,0.01549999974668026,3.486299991607666,0,1
B21,mixamorig_LeftHandMiddle3,20,0.9998549818992615,-0.01693899929523468,-0.0017879665829241276,0,0.017010999843478203,0.987758994102478,0.15505999326705933,0,-0.0008609999786131084,-0.15506799519062042,0.9879029989242554,0,-0.010300000198185444,3.2600998878479004,0,1
B22,mixamorig_LeftHandMiddle4,21,1,0,0,0,0,1,0,0,0,0,1,0,-0.005200000014156103,2.9296000003814697,0,1
B23,mixamorig_LeftHandRing1,10,0.9727709889411926,0.22061699628829956,0.07103099673986435,0,-0.23176799714565277,0.9245759844779968,0.30239400267601013,0,0.0010400000028312206,-0.3106229901313782,0.9505329728126526,0,1.1486999988555908,10.207799911499023,-0.2809999883174896,1
B24,mixamorig_LeftHandRing2,23,0.9995419979095459,-0.030034033581614494,-0.003728999989107251,0,0.03010999970138073,0.9743630290031433,0.22295799851417542,0,-0.003063000040128827,-0.2229679971933365,0.9748209714889526,0,-0.004000000189989805,2.86080002784729,0,1
B25,mixamorig_LeftHandRing3,24,0.9998859763145447,-0.015107999555766582,-0.0008149999775923789,0,0.015052000060677528,0.9878339767456055,0.1547819972038269,0,-0.001533033442683518,-0.15477603673934937,0.9879480004310608,0,-0.004900000058114529,2.768399953842163,0,1
B26,mixamorig_LeftHandRing4,25,1,0,0,0,0,1,0,0,0,0,1,0,0.008899999782443047,2.3282999992370605,0,1
B27,mixamorig_LeftHandPinky1,10,0.9711830019950867,0.23007400333881378,0.06221303343772888,0,-0.2380319982767105,0.923117995262146,0.301984041929245,0,0.012047999538481236,-0.30809101462364197,0.9512810111045837,0,3.469099998474121,9.014800071716309,0.09000000357627869,1
B28,mixamorig_LeftHandPinky2,27,0.9993979930877686,-0.034494999796152115,-0.003834000090137124,0,0.03448000177741051,0.9741449952125549,0.2232770025730133,0,-0.003967000171542168,-0.22327500581741333,0.9747470021247864,0,0.013500000350177288,2.674999952316284,0,1
B29,mixamorig_LeftHandPinky3,28,0.9997869729995728,-0.020534032955765724,-0.0020810000132769346,0,0.020609000697731972,0.9876999855041504,0.1549990028142929,0,-0.0011269999668002129,-0.15500900149345398,0.9879119992256165,0,-0.005499999970197678,2.3036000728607178,0,1
B30,mixamorig_LeftHandPinky4,29,1,0,0,0,0,1,0,0,0,0,1,0,-0.00800000037997961,1.9332000017166138,0,1
B31,mixamorig_RightShoulder,3,0.04873387888073921,-0.041766129434108734,0.9979377388954163,0,-0.958713710308075,-0.282206267118454,0.035007886588573456,0,0.2801617681980133,-0.9584425091743469,-0.05379408597946167,0,-6.321199893951416,13.836299896240234,-0.1467999964952469,1
B32,mixamorig_RightArm,31,0.6889119744300842,-0.4990012049674988,-0.524927020072937,0,0.5541223287582397,0.8300145268440247,-0.06237368658185005,0,0.4669415354728699,-0.24782179296016693,0.8482987880706787,0,0,13.3927001953125,0,1
B33,mixamorig_RightForeArm,32,-0.03647937625646591,-0.9944613575935364,-0.09820379316806793,0,0.9948803782463074,-0.04537184536457062,0.08989334106445312,0,-0.09385701268911362,-0.0944218710064888,0.9910975098609924,0,0,27.351600646972656,0,1
B34,mixamorig_RightHand,33,0.6594716906547546,0.36025068163871765,0.6592885255813599,0,-0.04714768007397652,0.8953789472579956,-0.44248488545417786,0,-0.7499368786811829,0.26095837354660034,0.6073387265205383,0,0,23.05459976196289,0,1
B35,mixamorig_RightHandThumb1,34,0.9279929995536804,-0.3677459955215454,0.05992700159549713,0,0.3371270000934601,0.8972079753875732,0.2852439880371094,0,-0.15866400301456451,-0.244501993060112,0.9565799832344055,0,2.896399974822998,3.0095999240875244,1.3174999952316284,1
B36,mixamorig_RightHandThumb2,35,0.9967870116233826,0.0796779990196228,-0.00813200045377016,0,-0.07962799817323685,0.9968039989471436,0.006347999908030033,0,0.008611966855823994,-0.005680966656655073,0.9999470114707947,0,0.6165000200271606,3.449199914932251,0,1
B37,mixamorig_RightHandThumb3,36,0.9984650015830994,-0.0508209653198719,0.02200496569275856,0,0.05480299890041351,0.9639099836349487,-0.26052600145339966,0,-0.007969999685883522,0.2613320052623749,0.9652159810066223,0,-0.07800000160932541,3.388700008392334,0,1
B38,mixamorig_RightHandThumb4,37,1,0,0,0,0,1,0,0,0,0,1,0,-0.5383999943733215,2.838399887084961,0,1
B39,mixamorig_RightHandIndex1,34,0.9988189935684204,-0.048594001680612564,0.0004070000140927732,0,0.04795299842953682,0.9869300127029419,0.15384800732135773,0,-0.007877033203840256,-0.15364700555801392,0.9880939722061157,0,3.58489990234375,9.87399959564209,0.15649999678134918,1
B40,mixamorig_RightHandIndex2,39,0.9997509717941284,0.022247999906539917,0.0015259665669873357,0,-0.022247999906539917,0.9903749823570251,0.13660800457000732,0,0.0015279999934136868,-0.13660800457000732,0.9906240105628967,0,-0.016300000250339508,3.2314999103546143,0,1
B41,mixamorig_RightHandIndex3,40,0.9999539852142334,0.00954699981957674,0.001158999977633357,0,-0.009615999646484852,0.9905779957771301,0.13661299645900726,0,0.000155999994603917,-0.1366180032491684,0.9906240105628967,0,0.013399999588727951,3.0573999881744385,0,1
B42,mixamorig_RightHandIndex4,41,1,0,0,0,0,1,0,0,0,0,1,0,0.002899999963119626,2.6512999534606934,0,1
B43,mixamorig_RightHandMiddle1,34,0.9952920079231262,-0.09662099927663803,-0.007689000107347965,0,0.09661699831485748,0.9826509952545166,0.15831199288368225,0,-0.007740966510027647,-0.15830902755260468,0.9873589873313904,0,1.0056999921798706,9.994999885559082,-0.24220000207424164,1
B44,mixamorig_RightHandMiddle2,43,0.9997569918632507,0.022004034370183945,0.0014959999825805426,0,-0.02200300060212612,0.9903820157051086,0.1366019994020462,0,0.0015239999629557133,-0.13660196959972382,0.9906250238418579,0,-0.014399999752640724,3.5109000205993652,0,1
B45,mixamorig_RightHandMiddle3,44,0.9999740123748779,0.0070989662781357765,0.000999966636300087,0,-0.007168966345489025,0.9905989766120911,0.13660703599452972,0,-0.0000209665740840137,-0.1366109997034073,0.9906250238418579,0,0.01679999940097332,3.3538999557495117,0,1
B46,mixamorig_RightHandMiddle4,45,1,0,0,0,0,1,0,0,0,0,1,0,-0.002400000113993883,2.953900098800659,0,1
B47,mixamorig_RightHandRing1,34,0.9973289966583252,-0.07090099900960922,-0.017570000141859055,0,0.07278396934270859,0.9849380254745483,0.15684400498867035,0,0.006184966303408146,-0.1577029973268509,0.9874669909477234,0,-1.138800024986267,10.1673002243042,-0.31459999084472656,1
B48,mixamorig_RightHandRing2,47,0.9995070099830627,0.03099696710705757,0.005016999784857035,0,-0.031197967007756233,0.9621999859809875,0.27055200934410095,0,0.003558000084012747,-0.27057597041130066,0.9626920223236084,0,0.006599999964237213,2.8643999099731445,0,1
B49,mixamorig_RightHandRing3,48,0.9999949932098389,0.003154000034555793,-0.0006009999779053032,0,-0.0030429998878389597,0.99064701795578,0.13641299307346344,0,0.0010260000126436353,-0.13641099631786346,0.9906520247459412,0,0.01119999960064888,2.7836999893188477,0,1
B50,mixamorig_RightHandRing4,49,1,0,0,0,0,1,0,0,0,0,1,0,-0.017799999564886093,2.279400110244751,0,1
B51,mixamorig_RightHandPinky1,34,0.9983149766921997,-0.057919032871723175,-0.00355300004594028,0,0.05802503228187561,0.9957749247550964,0.07117699831724167,0,-0.0005849999724887311,-0.07126303017139435,0.9974570274353027,0,-3.4518001079559326,9.111100196838379,0.11490000039339066,1
B52,mixamorig_RightHandPinky2,51,0.9993249773979187,0.03640403226017952,0.004865000024437904,0,-0.03636203333735466,0.9620220065116882,0.2705399990081787,0,0.005167999770492315,-0.2705340087413788,0.9626960754394531,0,-0.017999999225139618,2.6489999294281006,0,1
B53,mixamorig_RightHandPinky3,52,0.9987930059432983,0.04711800068616867,0.013887999579310417,0,-0.048114001750946045,0.881412923336029,0.4698900282382965,0,0.009898999705910683,-0.469990998506546,0.8826159238815308,0,0.007799999788403511,2.283099889755249,0,1
B54,mixamorig_RightHandPinky4,53,1,0,0,0,0,1,0,0,0,0,1,0,0.010300000198185444,1.9055999517440796,0,1
B55,mixamorig_LeftUpLeg,0,-0.9799502491950989,-0.04345593973994255,0.1944422870874405,0,0.06786342710256577,-0.9903661012649536,0.12068113684654236,0,0.18732240796089172,0.1314576268196106,0.9734596610069275,0,8.932900428771973,-5.757400035858154,-1.0821000337600708,1
B56,mixamorig_LeftLeg,55,0.9947153329849243,-0.062080949544906616,-0.08171868324279785,0,0.03567906469106674,0.9557860493659973,-0.291883647441864,0,0.09622574597597122,0.2874262034893036,0.9529494643211365,0,0,40.515499114990234,0,1
B57,mixamorig_LeftFoot,56,0.9760499596595764,0.06268279254436493,0.2083166539669037,0,-0.21222622692584991,0.4847831130027771,0.8484949469566345,0,-0.04780219867825508,-0.8723846673965454,0.4864760637283325,0,0,37.743099212646484,0,1
B58,mixamorig_LeftToeBase,57,0.9997639656066895,0.00006459614814957604,0.021712372079491615,0,-0.013334433548152447,0.7910431623458862,0.6116148829460144,0,-0.01713567227125168,-0.6117599606513977,0.7908581495285034,0,0,20.044099807739258,0,1
B59,mixamorig_LeftToe_End,58,1,0,0,0,0,1,0,0,0,0,1,0,0,7.662399768829346,0,1
B60,mixamorig_RightUpLeg,0,-0.9998067021369934,-0.013057799078524113,0.014718083664774895,0,0.014295205473899841,-0.9960764050483704,0.08732239156961441,0,0.013519315980374813,0.08751656115055084,0.9960700273513794,0,-8.932900428771973,-5.757400035858154,-0.8281000256538391,1
B61,mixamorig_RightLeg,60,0.9919471144676208,0.006350185722112656,-0.12643937766551971,0,-0.036846406757831573,0.9699903726577759,-0.24033020436763763,0,0.12112057209014893,0.24304965138435364,0.9624159336090088,0,0,40.53129959106445,0,1
B62,mixamorig_RightFoot,61,0.9955636858940125,-0.07631794363260269,-0.05501539260149002,0,0.08569952845573425,0.4943772256374359,0.8650118112564087,0,-0.03881668299436569,-0.8658893704414368,0.49872487783432007,0,0,37.73590087890625,0,1
B63,mixamorig_RightToeBase,62,0.9998019933700562,0.0000019999999949504854,-0.019917000085115433,0,0.01221999991685152,0.7895830273628235,0.613521933555603,0,0.015727000311017036,-0.6136429905891418,0.7894269824028015,0,0,19.978700637817383,0,1
B64,mixamorig_RightToe_End,63,1,0,0,0,0,1,0,0,0,0,1,0,0,7.69980001449585,0,1
@52,0,1,2,3,4,5,7,8,9,10,11,12,13,15,16,17,19,20,21,23,24,25,27,28,29,31,32,33,34,35,36,37,39,40,41,43,44,45,47,48,49,51,52,53,55,56,57,58,60,61,62,63
K0.000,0.9992009997367859,-0.011753000319004059,-0.03819400072097778,0,0.011734999716281891,0.9999309778213501,-0.0007029999978840351,0,0.03819999843835831,0.00025499999173916876,0.9992700219154358,0,0.007110999897122383,96.10808563232422,0.871757984161377,1,0.9811810255050659,0.1666029989719391,-0.0976099967956543,0,-0.18342499434947968,0.9621409773826599,-0.20159399509429932,0,0.06032799929380417,0.215705007314682,0.9745929837226868,0,0,10.36929988861084,-1.0242999792099,1,0.9988390207290649,-0.04444900155067444,-0.01856900006532669,0,0.04565099999308586,0.9964830279350281,0.07027000188827515,0,0.01537999976426363,-0.07103600353002548,0.9973549842834473,0,0,12.156399726867676,0,1,0.99891197681427,-0.043453000485897064,-0.0169489998370409,0,0.044555000960826874,0.9964630007743835,0.07124300301074982,0,0.013793000020086765,-0.07192099839448929,0.997314989566803,0,0,13.892999649047852,0,1,0.9953619837760925,-0.014042000286281109,-0.09516700357198715,0,0.00635500019416213,0.9967250227928162,-0.0806099995970726,0,0.0959869995713234,0.07963100075721741,0.9921919703483582,0,0,15.629599571228027,0,1,0.9950640201568604,0.004947000183165073,0.09911300241947174,0,0.012161999940872192,0.9851490259170532,-0.17126800119876862,0,-0.09848800301551819,0.17162799835205078,0.9802259802818298,0,0,5.48330020904541,1.5434000492095947,1,-0.14207600057125092,-0.009177000261843204,-0.9898130297660828,0,0.9477769732475281,-0.2897169888019562,-0.1333560049533844,0,-0.28554201126098633,-0.9570680260658264,0.04986000061035156,0,6.321199893951416,13.84220027923584,-0.2069000005722046,1,0.4904470145702362,0.754796028137207,-0.4355979859828949,0,-0.2612369954586029,0.60419100522995,0.7527999877929688,0,0.8313949704170227,-0.2554140090942383,0.49350398778915405,0,0,13.3927001953125,0,1,0.9025729894638062,0.43032199144363403,0.01360199972987175,0,-0.43050599098205566,0.9016799926757812,0.0404760017991066,0,0.005154000129550695,-0.04238799959421158,0.9990879893302917,0,0,27.344999313354492,0,1,0.9010599851608276,-0.044842999428510666,0.4313710033893585,0,-0.008158000186085701,0.9927120208740234,0.12023799866437912,0,-0.4336189925670624,-0.11186099797487259,0.8941259980201721,0,0,23.056400299072266,0,1,0.926147997379303,0.37587401270866394,-0.031125999987125397,0,-0.34905698895454407,0.8854749798774719,0.3067460060119629,0,0.14285899698734283,-0.2732279896736145,0.9512820243835449,0,-2.872999906539917,2.967400074005127,1.3085999488830566,1,0.9834830164909363,-0.18095199763774872,-0.004271000158041716,0,0.178848996758461,0.9751420021057129,-0.13081200420856476,0,0.027835000306367874,0.12788799405097961,0.9913979768753052,0,-0.6026999950408936,3.413300037384033,0,1,0.9878730177879333,0.14997999370098114,-0.04015199840068817,0,-0.15526099503040314,0.9535359740257263,-0.2581929862499237,0,-0.00043700000969693065,0.26129698753356934,0.965258002281189,0,0.052000001072883606,3.388000011444092,0,1,0.9849050045013428,0.17058399319648743,0.02936599962413311,0,-0.17053399980068207,0.9272090196609497,0.3334679901599884,0,0.029656000435352325,-0.3334429860115051,0.9423040151596069,0,-3.5892999172210693,9.81760025024414,0.1607999950647354,1,0.9994879961013794,-0.031849998980760574,-0.0032059999648481607,0,0.03181999921798706,0.9775879979133606,0.20810900628566742,0,-0.0034940000623464584,-0.2081039994955063,0.9781000018119812,0,0.01810000091791153,3.3076999187469482,0,1,0.999858021736145,-0.016797000542283058,-0.0011739999754354358,0,0.016820000484585762,0.9931470155715942,0.1156580001115799,0,-0.0007769999792799354,-0.11566100269556046,0.993287980556488,0,-0.005400000140070915,3.035399913787842,0,1,0.9818990230560303,0.1842149943113327,0.04402799904346466,0,-0.18889300525188446,0.9353770017623901,0.2989799976348877,0,0.013894000090658665,-0.3018850088119507,0.9532430171966553,0,-1.028499960899353,10.135100364685059,-0.2045000046491623,1,0.9994159936904907,-0.033966001123189926,-0.0038129999302327633,0,0.033959001302719116,0.9741439819335938,0.22336100041866302,0,-0.003871999913826585,-0.22336000204086304,0.974727988243103,0,0.01549999974668026,3.486299991607666,0,1,0.9998549818992615,-0.01693899929523468,-0.0017869999865069985,0,0.017010999843478203,0.987758994102478,0.15505899488925934,0,-0.0008609999786131084,-0.15506699681282043,0.9879040122032166,0,-0.010300000198185444,3.2600998878479004,0,1,0.9727709889411926,0.22061699628829956,0.07102999836206436,0,-0.23176799714565277,0.924576997756958,0.30239400267601013,0,0.0010400000028312206,-0.3106220066547394,0.9505329728126526,0,1.1486999988555908,10.207799911499023,-0.2809999883174896,1,0.9995419979095459,-0.030034000054001808,-0.003728999989107251,0,0.03010999970138073,0.9743630290031433,0.22295799851417542,0,-0.003063000040128827,-0.2229679971933365,0.9748209714889526,0,-0.004000000189989805,2.86080002784729,0,1,0.9998859763145447,-0.015107999555766582,-0.0008149999775923789,0,0.015052000060677528,0.9878339767456055,0.1547819972038269,0,-0.001534000039100647,-0.15477600693702698,0.9879480004310608,0,-0.004900000058114529,2.768399953842163,0,1,0.9711830019950867,0.23007400333881378,0.062212999910116196,0,-0.2380319982767105,0.923117995262146,0.3019840121269226,0,0.012048999778926373,-0.3080900013446808,0.9512810111045837,0,3.469099998474121,9.014800071716309,0.09000000357627869,1,0.9993979930877686,-0.034494999796152115,-0.003834000090137124,0,0.03448000177741051,0.9741449952125549,0.2232770025730133,0,-0.003967000171542168,-0.22327500581741333,0.9747470021247864,0,0.013500000350177288,2.674999952316284,0,1,0.9997869729995728,-0.020534999668598175,-0.0020810000132769346,0,0.020609000697731972,0.9876999855041504,0.1549990028142929,0,-0.0011269999668002129,-0.15500900149345398,0.9879119992256165,0,-0.005499999970197678,2.3036000728607178,0,1,0.04395800083875656,-0.040713001042604446,0.9982029795646667,0,-0.9563720226287842,-0.29058000445365906,0.030263999477028847,0,0.28882598876953125,-0.9559839963912964,-0.05170999839901924,0,-6.321199893951416,13.836299896240234,-0.1467999964952469,1,0.5968719720840454,-0.4970960021018982,-0.6297929883003235,0,0.6111770272254944,0.7902420163154602,-0.044509001076221466,0,0.5198140144348145,-0.3583489954471588,0.7754870057106018,0,0,13.3927001953125,0,1,-0.0004309999931138009,-0.9954820275306702,-0.0949459969997406,0,0.9959020018577576,-0.009014000184834003,0.08998499810695648,0,-0.09043499827384949,-0.09451799839735031,0.9914069771766663,0,0,27.351600646972656,0,1,0.7488229870796204,0.40610501170158386,0.5237780213356018,0,-0.06107800081372261,0.8292070031166077,-0.5555949807167053,0,-0.6599500179290771,0.38405099511146545,0.6457329988479614,0,0,23.05459976196289,0,1,0.9279929995536804,-0.3677459955215454,0.05992700159549713,0,0.3371259868144989,0.8972079753875732,0.2852439880371094,0,-0.15866400301456451,-0.244501993060112,0.9565799832344055,0,2.896399974822998,3.0095999240875244,1.3174999952316284,1,0.9967870116233826,0.0796779990196228,-0.00813200045377016,0,-0.07962799817323685,0.9968039989471436,0.006347999908030033,0,0.008611000142991543,-0.005681000184267759,0.9999470114707947,0,0.6165000200271606,3.449199914932251,0,1,0.9984650015830994,-0.05082099884748459,0.022004999220371246,0,0.05480299890041351,0.9639099836349487,-0.26052600145339966,0,-0.007969999685883522,0.2613320052623749,0.9652159810066223,0,-0.07800000160932541,3.388700008392334,0,1,0.9988189935684204,-0.048594001680612564,0.0004070000140927732,0,0.04795299842953682,0.9869300127029419,0.15384800732135773,0,-0.007877999916672707,-0.15364700555801392,0.9880939722061157,0,3.58489990234375,9.87399959564209,0.15649999678134918,1,0.9997509717941284,0.022247999906539917,0.0015259999781847,0,-0.022247999906539917,0.9903749823570251,0.13660800457000732,0,0.0015279999934136868,-0.13660800457000732,0.9906240105628967,0,-0.016300000250339508,3.2314999103546143,0,1,0.9999539852142334,0.00954699981957674,0.001158999977633357,0,-0.009615999646484852,0.9905779957771301,0.13661299645900726,0,0.000155999994603917,-0.1366170048713684,0.9906240105628967,0,0.013399999588727951,3.0573999881744385,0,1,0.9952920079231262,-0.09662099927663803,-0.007689000107347965,0,0.09661699831485748,0.9826509952545166,0.15831199288368225,0,-0.007739999797195196,-0.1583089977502823,0.9873589873313904,0,1.0056999921798706,9.994999885559082,-0.24220000207424164,1,0.9997569918632507,0.022004999220371246,0.0014959999825805426,0,-0.02200300060212612,0.9903820157051086,0.1366019994020462,0,0.0015239999629557133,-0.1366019994020462,0.9906250238418579,0,-0.014399999752640724,3.5109000205993652,0,1,0.9999740123748779,0.007098000030964613,0.000999000039882958,0,-0.0071680000983178616,0.9905989766120911,0.13660700619220734,0,-0.000019999999494757503,-0.1366109997034073,0.9906250238418579,0,0.01679999940097332,3.3538999557495117,0,1,0.9973289966583252,-0.07090099900960922,-0.017570000141859055,0,0.07278399914503098,0.9849380254745483,0.15684400498867035,0,0.006184999831020832,-0.1577029973268509,0.9874669909477234,0,-1.138800024986267,10.1673002243042,-0.31459999084472656,1,0.9995070099830627,0.03099600039422512,0.005016999784857035,0,-0.031197000294923782,0.9621999859809875,0.27055200934410095,0,0.003558000084012747,-0.27057498693466187,0.9626920223236084,0,0.006599999964237213,2.8643999099731445,0,1,0.9999949932098389,0.003154000034555793,-0.0006009999779053032,0,-0.0030429998878389597,0.99064701795578,0.13641299307346344,0,0.0010260000126436353,-0.13641099631786346,0.9906520247459412,0,0.01119999960064888,2.7836999893188477,0,1,0.9983149766921997,-0.057920001447200775,-0.00355300004594028,0,0.05802600085735321,0.9957749843597412,0.07117699831724167,0,-0.0005849999724887311,-0.07126300036907196,0.9974570274353027,0,-3.4518001079559326,9.111100196838379,0.11490000039339066,1,0.9993249773979187,0.036403998732566833,0.004865000024437904,0,-0.03636299818754196,0.9620220065116882,0.2705399990081787,0,0.005169000010937452,-0.2705340087413788,0.9626960158348083,0,-0.017999999225139618,2.6489999294281006,0,1,0.9987930059432983,0.04711800068616867,0.013887999579310417,0,-0.048114001750946045,0.8814120292663574,0.4698910117149353,0,0.009898999705910683,-0.4699920117855072,0.8826149702072144,0,0.007799999788403511,2.283099889755249,0,1,-0.9808030128479004,-0.033330999314785004,0.1921290010213852,0,0.06060599908232689,-0.9885929822921753,0.1378829926252365,0,0.1853419989347458,0.14688000082969666,0.9716349840164185,0,8.932900428771973,-5.757400035858154,-1.0821000337600708,1,0.9974179863929749,-0.05187800154089928,-0.04966900125145912,0,0.035631999373435974,0.9578830003738403,-0.2849389910697937,0,0.062359001487493515,0.28243300318717957,0.9572579860687256,0,0,40.515499114990234,0,1,0.9762840270996094,0.05856100097298622,0.20842300355434418,0,-0.2103700041770935,0.4839619994163513,0.8494259715080261,0,-0.05112599954009056,-0.8731269836425781,0.4848040044307709,0,0,37.743099212646484,0,1,0.9997609853744507,-0.00003199999991920777,0.021866999566555023,0,-0.013357999734580517,0.7908380031585693,0.6118800044059753,0,-0.017312999814748764,-0.6120259761810303,0.7906479835510254,0,0,20.044099807739258,0,1,-0.9998999834060669,-0.0008229999803006649,0.014088000170886517,0,0.0024870000779628754,-0.9929500222206116,0.11850900202989578,0,0.013891000300645828,0.11853300034999847,0.9928529858589172,0,-8.932900428771973,-5.757400035858154,-0.8281000256538391,1,0.9950649738311768,0.02457999996840954,-0.09613499790430069,0,-0.04785500094294548,0.9675930142402649,-0.24793900549411774,0,0.08692499995231628,0.25131601095199585,0.963994026184082,0,0,40.53129959106445,0,1,0.9948909878730774,-0.08337199687957764,-0.05693700164556503,0,0.0907759964466095,0.49188798666000366,0.865913987159729,0,-0.044186998158693314,-0.8666579723358154,0.49694201350212097,0,0,37.73590087890625,0,1,0.9998019933700562,0.0000019999999949504854,-0.019917000085115433,0,0.01221999991685152,0.7895830273628235,0.6135219931602478,0,0.015727000311017036,-0.6136429905891418,0.7894269824028015,0,0,19.978700637817383,0,1
K0.033,0.999127984046936,-0.007809992879629135,-0.04101113975048065,0,0.007844991981983185,0.9999690055847168,0.0006739713717252016,0,0.04100514203310013,-0.000994972069747746,0.9991580247879028,0,-0.19148340821266174,95.98997497558594,0.669877827167511,1,0.9859669804573059,0.14827591180801392,-0.07669888436794281,0,-0.1613548845052719,0.9642840027809143,-0.21004801988601685,0,0.04281490668654442,0.21947598457336426,0.9746779799461365,0,0,10.36929988861084,-1.0242999792099,1,0.9991689920425415,-0.0379139743745327,-0.014955980703234673,0,0.038877975195646286,0.9967510104179382,0.07053499668836594,0,0.01223298255354166,-0.0710579976439476,0.9973970055580139,0,0,12.156399726867676,0,1,0.999222993850708,-0.037168972194194794,-0.013094979338347912,0,0.03800997510552406,0.9967359900474548,0.07122799754142761,0,0.010404981672763824,-0.07167000323534012,0.9973739981651306,0,0,13.892999649047852,0,1,0.9959740042686462,0.0015199898043647408,-0.08962597697973251,0,-0.00960899330675602,0.9959049820899963,-0.08989106118679047,0,0.08912298083305359,0.09039005637168884,0.991910994052887,0,0,15.629599571228027,0,1,0.9947879910469055,0.011030001565814018,0.1013680249452591,0,0.00637099938467145,0.9854670166969299,-0.1697469800710678,0,-0.10176702588796616,0.1695079803466797,0.9802600145339966,0,0,5.48330020904541,1.5434000492095947,1,-0.143948033452034,-0.00900499802082777,-0.9895439743995667,0,0.9463649988174438,-0.29354605078697205,-0.13499601185321808,0,-0.2892610728740692,-0.9559029936790466,0.05077801272273064,0,6.321199893951416,13.84220027923584,-0.2069000005722046,1,0.5032761096954346,0.7331438660621643,-0.45739808678627014,0,-0.23474086821079254,0.6254061460494995,0.7441529631614685,0,0.8316310048103333,-0.2671440839767456,0.4868510067462921,0,0,13.3927001953125,0,1,0.8833678960800171,0.4684261977672577,0.015407009981572628,0,-0.4686262011528015,0.8822968602180481,0.04406001791357994,0,0.007045010570436716,-0.04614201933145523,0.9989100098609924,0,0,27.344999313354492,0,1,0.8939210176467896,-0.07453422993421555,0.4419849216938019,0,0.036456361413002014,0.9948999881744385,0.09404280036687851,0,-0.44673991203308105,-0.0679536685347557,0.8920790553092957,0,0,23.056400299072266,0,1,0.926147997379303,0.37587401270866394,-0.031125999987125397,0,-0.34905800223350525,0.8854749798774719,0.3067460060119629,0,0.14285899698734283,-0.2732279896736145,0.9512820243835449,0,-2.872999906539917,2.967400074005127,1.3085999488830566,1,0.9834830164909363,-0.18095199763774872,-0.004271000158041716,0,0.178848996758461,0.9751420021057129,-0.13081300258636475,0,0.02783600054681301,0.12788799405097961,0.9913979768753052,0,-0.6026999950408936,3.413300037384033,0,1,0.9878730177879333,0.14997899532318115,-0.04015199840068817,0,-0.15526099503040314,0.9535359740257263,-0.2581939995288849,0,-0.00043700000969693065,0.26129698753356934,0.965258002281189,0,0.052000001072883606,3.388000011444092,0,1,0.9849050045013428,0.1705850064754486,0.029366999864578247,0,-0.17053499817848206,0.9272090196609497,0.3334690034389496,0,0.029656000435352325,-0.3334429860115051,0.9423040151596069,0,-3.5892999172210693,9.81760025024414,0.1607999950647354,1,0.9994869828224182,-0.03185100108385086,-0.0032059999648481607,0,0.03181999921798706,0.9775879979133606,0.20810900628566742,0,-0.0034940000623464584,-0.2081039994955063,0.9781000018119812,0,0.01810000091791153,3.3076999187469482,0,1,0.999858021736145,-0.016797000542283058,-0.0011739999754354358,0,0.016820000484585762,0.9931470155715942,0.1156580001115799,0,-0.0007769999792799354,-0.11566100269556046,0.993287980556488,0,-0.005400000140070915,3.035399913787842,0,1,0.9818990230560303,0.1842149943113327,0.04402799904346466,0,-0.18889300525188446,0.9353770017623901,0.2989799976348877,0,0.013894000090658665,-0.3018850088119507,0.9532430171966553,0,-1.028499960899353,10.135100364685059,-0.2045000046491623,1,0.9994159936904907,-0.033966001123189926,-0.0038129999302327633,0,0.033959001302719116,0.9741439819335938,0.22336000204086304,0,-0.003871999913826585,-0.22335900366306305,0.9747290015220642,0,0.01549999974668026,3.486299991607666,0,1,0.9998549818992615,-0.01693899929523468,-0.0017869999865069985,0,0.017010999843478203,0.987758994102478,0.15505999326705933,0,-0.0008609999786131084,-0.15506799519062042,0.9879029989242554,0,-0.010300000198185444,3.2600998878479004,0,1,0.9727709889411926,0.22061699628829956,0.07103099673986435,0,-0.23176799714565277,0.9245759844779968,0.30239400267601013,0,0.0010400000028312206,-0.3106229901313782,0.9505329728126526,0,1.1486999988555908,10.207799911499023,-0.2809999883174896,1,0.9995419979095459,-0.030034000054001808,-0.003728999989107251,0,0.03010999970138073,0.9743630290031433,0.22295799851417542,0,-0.003063000040128827,-0.2229679971933365,0.9748209714889526,0,-0.004000000189989805,2.86080002784729,0,1,0.9998859763145447,-0.015107999555766582,-0.0008149999775923789,0,0.015052000060677528,0.9878339767456055,0.1547819972038269,0,-0.001534000039100647,-0.15477600693702698,0.9879480004310608,0,-0.004900000058114529,2.768399953842163,0,1,0.9711830019950867,0.23007400333881378,0.062212999910116196,0,-0.2380319982767105,0.923117995262146,0.3019840121269226,0,0.012047999538481236,-0.30809101462364197,0.9512810111045837,0,3.469099998474121,9.014800071716309,0.09000000357627869,1,0.9993979930877686,-0.034494999796152115,-0.003834000090137124,0,0.03448000177741051,0.9741449952125549,0.2232770025730133,0,-0.003967000171542168,-0.22327500581741333,0.9747470021247864,0,0.013500000350177288,2.674999952316284,0,1,0.9997869729995728,-0.020533999428153038,-0.0020810000132769346,0,0.020609000697731972,0.9876999855041504,0.1549990028142929,0,-0.0011269999668002129,-0.15500900149345398,0.9879119992256165,0,-0.005499999970197678,2.3036000728607178,0,1,0.046744052320718765,-0.0407240130007267,0.9980760216712952,0,-0.9616860151290894,-0.2720448970794678,0.033939048647880554,0,0.2701399028301239,-0.9614220261573792,-0.05188002064824104,0,-6.321199893951416,13.836299896240234,-0.1467999964952469,1,0.6853634119033813,-0.5853492021560669,-0.4331778883934021,0,0.6030749082565308,0.7896570563316345,-0.11288535594940186,0,0.4081394076347351,-0.18387098610401154,0.8942114114761353,0,0,13.3927001953125,0,1,-0.04982727766036987,-0.993798017501831,-0.09940902143716812,0,0.9942179918289185,-0.05883428454399109,0.08983299881219864,0,-0.09512502700090408,-0.09435799717903137,0.9909830093383789,0,0,27.351600646972656,0,1,0.6787090301513672,0.3754572868347168,0.6311787366867065,0,-0.04749663174152374,0.8800798654556274,-0.47244322299957275,0,-0.7328698039054871,0.2906728684902191,0.6151509881019592,0,0,23.05459976196289,0,1,0.9279929995536804,-0.3677459955215454,0.05992700159549713,0,0.3371259868144989,0.8972079753875732,0.2852439880371094,0,-0.15866400301456451,-0.244501993060112,0.9565799832344055,0,2.896399974822998,3.0095999240875244,1.3174999952316284,1,0.9967870116233826,0.0796779990196228,-0.00813200045377016,0,-0.07962799817323685,0.9968039989471436,0.00634900014847517,0,0.00861200038343668,-0.005681000184267759,0.9999470114707947,0,0.6165000200271606,3.449199914932251,0,1,0.9984650015830994,-0.0508200004696846,0.022004999220371246,0,0.05480299890041351,0.9639099836349487,-0.26052600145339966,0,-0.007969999685883522,0.2613320052623749,0.9652159810066223,0,-0.07800000160932541,3.388700008392334,0,1,0.9988189935684204,-0.048594001680612564,0.00040600000647827983,0,0.04795299842953682,0.9869300127029419,0.15384800732135773,0,-0.00787699967622757,-0.15364700555801392,0.9880939722061157,0,3.58489990234375,9.87399959564209,0.15649999678134918,1,0.9997509717941284,0.022247999906539917,0.0015259999781847,0,-0.022247999906539917,0.9903749823570251,0.13660800457000732,0,0.0015279999934136868,-0.13660800457000732,0.9906240105628967,0,-0.016300000250339508,3.2314999103546143,0,1,0.9999539852142334,0.00954699981957674,0.001158999977633357,0,-0.009615999646484852,0.9905779957771301,0.13661299645900726,0,0.00015600000915583223,-0.1366180032491684,0.9906240105628967,0,0.013399999588727951,3.0573999881744385,0,1,0.9952920079231262,-0.09662099927663803,-0.007689000107347965,0,0.09661699831485748,0.9826509952545166,0.15831199288368225,0,-0.007739999797195196,-0.15830999612808228,0.9873589873313904,0,1.0056999921798706,9.994999885559082,-0.24220000207424164,1,0.9997569918632507,0.022004999220371246,0.0014959999825805426,0,-0.02200300060212612,0.9903820157051086,0.1366019994020462,0,0.0015239999629557133,-0.13660100102424622,0.9906250238418579,0,-0.014399999752640724,3.5109000205993652,0,1,0.9999740123748779,0.007098000030964613,0.000999000039882958,0,-0.0071680000983178616,0.9905989766120911,0.13660800457000732,0,-0.000019999999494757503,-0.1366109997034073,0.9906250238418579,0,0.01679999940097332,3.3538999557495117,0,1,0.9973289966583252,-0.07090099900960922,-0.017570000141859055,0,0.07278300076723099,0.9849380254745483,0.15684400498867035,0,0.006184999831020832,-0.15770399570465088,0.9874669909477234,0,-1.138800024986267,10.1673002243042,-0.31459999084472656,1,0.9995070099830627,0.03099600039422512,0.005016999784857035,0,-0.031197000294923782,0.9621999859809875,0.27055200934410095,0,0.003558000084012747,-0.27057498693466187,0.9626920223236084,0,0.006599999964237213,2.8643999099731445,0,1,0.9999949932098389,0.003154000034555793,-0.0006009999779053032,0,-0.00304200011305511,0.99064701795578,0.13641299307346344,0,0.0010260000126436353,-0.13641099631786346,0.9906520247459412,0,0.01119999960064888,2.7836999893188477,0,1,0.9983149766921997,-0.05791899934411049,-0.00355300004594028,0,0.058024998754262924,0.9957749843597412,0.07117699831724167,0,-0.0005849999724887311,-0.07126300036907196,0.9974570274353027,0,-3.4518001079559326,9.111100196838379,0.11490000039339066,1,0.9993249773979187,0.036403998732566833,0.004865000024437904,0,-0.03636299818754196,0.9620220065116882,0.2705399990081787,0,0.005169000010937452,-0.2705340087413788,0.9626960158348083,0,-0.017999999225139618,2.6489999294281006,0,1,0.9987930059432983,0.04711800068616867,0.013887999579310417,0,-0.048114001750946045,0.8814120292663574,0.4698910117149353,0,0.009898999705910683,-0.4699920117855072,0.8826149702072144,0,0.007799999788403511,2.283099889755249,0,1,-0.9810810089111328,-0.030811026692390442,0.19113199412822723,0,0.05993203446269035,-0.9870929718017578,0.1485130339860916,0,0.18408899009227753,0.15715904533863068,0.9702640175819397,0,8.932900428771973,-5.757400035858154,-1.0821000337600708,1,0.997314989566803,-0.053037047386169434,-0.05050312727689743,0,0.03565799817442894,0.9539949893951416,-0.2976951003074646,0,0.06396914273500443,0.2950941026210785,0.9533239603042603,0,0,40.515499114990234,0,1,0.9764459729194641,0.056780990213155746,0.20815399289131165,0,-0.20943999290466309,0.4812389612197876,0.8512009978294373,0,-0.05183999985456467,-0.8747479915618896,0.4817969799041748,0,0,37.743099212646484,0,1,0.9997609853744507,-0.00002399956065346487,0.02185700088739395,0,-0.013357000425457954,0.7908430099487305,0.611873984336853,0,-0.01730000041425228,-0.6120200157165527,0.7906529903411865,0,0,20.044099807739258,0,1,-0.9999060034751892,0.0002349475835217163,0.013740001246333122,0,0.001646052347496152,-0.9906139969825745,0.13668203353881836,0,0.0136429937556386,0.13669203221797943,0.9905200004577637,0,-8.932900428771973,-5.757400035858154,-0.8281000256538391,1,0.9949560165405273,0.019601890817284584,-0.09837913513183594,0,-0.046309944242239,0.959714949131012,-0.27713310718536377,0,0.08898314833641052,0.2802911102771759,0.9557819366455078,0,0,40.53129959106445,0,1,0.9948940277099609,-0.0824589729309082,-0.058201003819704056,0,0.090845987200737,0.4803679287433624,0.8723500370979309,0,-0.04397498071193695,-0.8731820583343506,0.48540592193603516,0,0,37.73590087890625,0,1,0.9998019933700562,0.0000019999999949504854,-0.019917000085115433,0,0.01221999991685152,0.7895830273628235,0.6135209798812866,0,0.015727000311017036,-0.6136429905891418,0.7894269824028015,0,0,19.978700637817383,0,1
