5.433,30,162,65
B0,mixamorig_Hips,-1,0.8372117877006531,0.061822228133678436,-0.5433581471443176,0,-0.09594463557004929,0.9947673082351685,-0.03468736261129379,0,0.53837651014328,0.08117847889661789,0.8387589454650879,0,-19.3787841796875,82.25968933105469,-19.315641403198242,1
B1,mixamorig_Spine,0,0.9901551604270935,0.1276003122329712,-0.057446591556072235,0,-0.12244128435850143,0.9887617826461792,0.08576137572526932,0,0.06774520128965378,-0.07787874341011047,0.9946533441543579,0,0,5.645699977874756,-0.03189999982714653,1
B2,mixamorig_Spine1,1,0.9921824336051941,0.0742923766374588,-0.10001249611377716,0,-0.05475066229701042,0.9811180233955383,0.18548372387886047,0,0.11190451681613922,-0.17855878174304962,0.9775159955024719,0,0,6.5868000984191895,0,1
B3,mixamorig_Spine2,2,0.9920733571052551,0.07238093763589859,-0.10246528685092926,0,-0.05249449610710144,0.9813668131828308,0.1848202645778656,0,0.1139330118894577,-0.17797818779945374,0.9773876667022705,0,0,7.5278000831604,0,1
B4,mixamorig_Neck,3,0.9947247505187988,0.10257133841514587,0.0010610701283439994,0,-0.10252536088228226,0.9938568472862244,0.041639551520347595,0,0.003215162781998515,-0.04152879863977432,0.9991308450698853,0,0,8.468700408935547,0,1
B5,mixamorig_Head,4,0.984017014503479,-0.0993921086192131,-0.14773453772068024,0,0.07939301431179047,0.9875736236572266,-0.1356191784143448,0,0.15937986969947815,0.12172483652830124,0.9796809554100037,0,0,5.998899936676025,-1.159000039100647,1
B6,mixamorig_HeadTop_End,5,1,0,0,0,0,1,0,0,0,0,1,0,0,21.74880027770996,-4.2017998695373535,1
B7,mixamorig_LeftShoulder,3,-0.04469241574406624,0.009240147657692432,-0.9989578127861023,0,0.9162991642951965,-0.3979937434196472,-0.044675592333078384,0,-0.39799171686172485,-0.9173413515090942,0.009320622310042381,0,3.4147000312805176,7.343400001525879,-0.017400000244379044,1
B8,mixamorig_LeftArm,7,0.676354706287384,0.016986027359962463,-0.7363599538803101,0,0.5084514021873474,0.7124990224838257,0.4834466874599457,0,0.5329158306121826,-0.701402485370636,0.4732469618320465,0,0,7.189700126647949,0,1
B9,mixamorig_LeftForeArm,8,-0.3889693319797516,0.9210924506187439,0.014944820664823055,0,-0.9210938215255737,-0.38912856578826904,0.009793929755687714,0,0.014837649650871754,-0.00995671097189188,0.9998403787612915,0,0,24.20359992980957,0,1
B10,mixamorig_LeftHand,9,0.8049780130386353,-0.14113175868988037,0.5761833786964417,0,0.3360672891139984,0.90878826379776,-0.24695351719856262,0,-0.48888593912124634,0.3925017714500427,0.7790044546127319,0,0,21.59510040283203,0,1
B11,mixamorig_LeftHandThumb1,10,0.9257479906082153,0.3304150104522705,-0.18389299511909485,0,-0.17093099653720856,0.799439013004303,0.5759170055389404,0,0.3373030126094818,-0.5017210245132446,0.7965570092201233,0,-2.1452999114990234,2.0982000827789307,1.1066999435424805,1
B12,mixamorig_LeftHandThumb2,11,0.9966520071029663,-0.08170700073242188,0.002814390230923891,0,0.08174800127744675,0.9964359998703003,-0.02080499939620495,0,-0.0011043903650715947,0.020966000854969025,0.999779999256134,0,-0.4422000050544739,2.52020001411438,0,1
B13,mixamorig_LeftHandThumb3,12,0.9992200136184692,0.03949499875307083,0.00010960971121676266,0,-0.039409998804330826,0.9972609877586365,-0.06258700042963028,0,-0.002581000095233321,0.06253399699926376,0.9980390071868896,0,0.05009999871253967,3.1054999828338623,0,1
B14,mixamorig_LeftHandThumb4,13,1,0,0,0,0,1,0,0,0,0,1,0,0.3921000063419342,2.6770999431610107,0,1
B15,mixamorig_LeftHandIndex1,10,0.996304988861084,0.08585438877344131,-0.0025019999593496323,0,-0.0834370031952858,0.9743465781211853,0.2090143859386444,0,0.020382609218358994,-0.20803338289260864,0.9779090285301208,0,-2.561000108718872,7.100100040435791,0.04859999939799309,1
B16,mixamorig_LeftHandIndex2,15,0.9998390078544617,-0.017911391332745552,-0.0014659999869763851,0,0.01791200041770935,0.9865480065345764,0.16248899698257446,0,-0.0014639999717473984,-0.16248899698257446,0.9867089986801147,0,-0.0006000000284984708,3.0000998973846436,0,1
B17,mixamorig_LeftHandIndex3,16,0.9999570250511169,-0.009316000156104565,-0.0003706097195390612,0,0.009314999915659428,0.9966279864311218,0.0815190002322197,0,-0.00039039028342813253,-0.0815190002322197,0.9966719746589661,0,0.0005000000237487257,2.7486000061035156,0,1
B18,mixamorig_LeftHandIndex4,17,1,0,0,0,0,1,0,0,0,0,1,0,0.00009999999747378752,2.3343000411987305,0,1
B19,mixamorig_LeftHandMiddle1,10,0.9963089823722839,0.08576539158821106,-0.0036693902220577,0,-0.08311399817466736,0.9744330048561096,0.2087399959564209,0,0.021477999165654182,-0.20766499638557434,0.9779639840126038,0,-0.8248999714851379,7.382699966430664,-0.1046999990940094,1
B20,mixamorig_LeftHandMiddle2,19,0.9998729825019836,-0.015866609290242195,-0.0012659999774768949,0,0.01586100086569786,0.9865339994430542,0.16278700530529022,0,-0.0013340000296011567,-0.16278661787509918,0.9866600036621094,0,-0.0019000000320374966,3.3796000480651855,0,1
B21,mixamorig_LeftHandMiddle3,20,0.9999269843101501,-0.012109000235795975,-0.00044800000614486635,0,0.012106000445783138,0.9965969920158386,0.08152899891138077,0,-0.0005409999866969883,-0.08152899891138077,0.9966710209846497,0,0.005499999970197678,3.1907999515533447,0,1
B22,mixamorig_LeftHandMiddle4,21,1,0,0,0,0,1,0,0,0,0,1,0,-0.003599999938160181,2.752000093460083,0,1
B23,mixamorig_LeftHandRing1,10,0.9962520003318787,0.08598639070987701,-0.00941300019621849,0,-0.08213099837303162,0.9744600057601929,0.20900100469589233,0,0.027143999934196472,-0.20744438469409943,0.977869987487793,0,0.8877999782562256,7.537499904632568,0.09640000015497208,1
B24,mixamorig_LeftHandRing2,23,0.9998800158500671,-0.015426999889314175,-0.0013150000013411045,0,0.015435390174388885,0.9865700006484985,0.16260899603366852,0,-0.0012110000243410468,-0.1626099944114685,0.9866899847984314,0,-0.00430000014603138,2.8452000617980957,0,1
B25,mixamorig_LeftHandRing3,24,0.9999729990959167,-0.0073540001176297665,-0.00027799999224953353,0,0.0073529998771846294,0.9966400265693665,0.08157938718795776,0,-0.0003229999856557697,-0.08157938718795776,0.9966670274734497,0,0.000699999975040555,2.680999994277954,0,1
B26,mixamorig_LeftHandRing4,25,1,0,0,0,0,1,0,0,0,0,1,0,0.0035000001080334187,2.2806999683380127,0,1
B27,mixamorig_LeftHandPinky1,10,0.9997090101242065,0.0170499999076128,-0.01708099991083145,0,-0.013287999667227268,0.9796720147132874,0.2001660019159317,0,0.02014699950814247,-0.19988100230693817,0.9796130061149597,0,2.498199939727783,7.361700057983398,0.028699999675154686,1
B28,mixamorig_LeftHandPinky2,27,0.9985904097557068,0.053061001002788544,-0.0012390000047162175,0,-0.05207100138068199,0.9839460253715515,0.17069999873638153,0,0.010276610031723976,-0.1703943908214569,0.9853219985961914,0,0.0005000000237487257,2.4802000522613525,0,1
B29,mixamorig_LeftHandPinky3,28,0.9999390244483948,-0.011018999852240086,-0.00048499999684281647,0,0.011021999642252922,0.9966109991073608,0.08151999861001968,0,-0.0004149999876972288,-0.08152038604021072,0.9966719746589661,0,0.00139999995008111,1.9510999917984009,0,1
B30,mixamorig_LeftHandPinky4,29,1,0,0,0,0,1,0,0,0,0,1,0,-0.0019000000320374966,1.659500002861023,0,1
B31,mixamorig_RightShoulder,3,-0.15463528037071228,-0.003080388531088829,0.9879127144813538,0,-0.8763427734375,-0.46120086312294006,-0.13857440650463104,0,0.45603621006011963,-0.8872684836387634,0.06866985559463501,0,-3.4147000312805176,7.343200206756592,0.004699999932199717,1
B32,mixamorig_RightArm,31,0.8640835881233215,-0.38505902886390686,-0.3205844461917877,0,0.4001285433769226,0.9154031872749329,-0.01919085904955864,0,0.3013138771057129,-0.1131330281496048,0.9460539817810059,0,0,7.189700126647949,0,1
B33,mixamorig_RightForeArm,32,-0.025731097906827927,-0.9984623789787292,-0.007639380171895027,0,0.9984639883041382,-0.02578614465892315,0.007222902495414019,0,-0.007425793446600437,-0.007441292982548475,0.9999449849128723,0,0,24.202699661254883,0,1
B34,mixamorig_RightHand,33,0.7431602478027344,0.30816659331321716,-0.5939196348190308,0,-0.5778267979621887,0.742925226688385,-0.3374761641025543,0,0.3372310698032379,0.5939794778823853,0.7301854491233826,0,0,21.595600128173828,0,1
B35,mixamorig_RightHandThumb1,34,0.8480870127677917,-0.522026002407074,-0.09075900167226791,0,0.4634400010108948,0.6477839946746826,0.6046485900878906,0,-0.256850004196167,-0.55485600233078,0.7913050055503845,0,2.1654000282287598,2.135200023651123,1.1744999885559082,1
B36,mixamorig_RightHandThumb2,35,0.9737070202827454,0.2212900072336197,0.0540819987654686,0,-0.22245299816131592,0.9748049974441528,0.016446609050035477,0,-0.04907999932765961,-0.02804500050842762,0.9984009861946106,0,0.43810001015663147,2.5708999633789062,0,1
B37,mixamorig_RightHandThumb3,36,0.9996410012245178,-0.010061999782919884,0.0248429998755455,0,0.011095000430941582,0.999064028263092,-0.04181100055575371,0,-0.024399390444159508,0.04207099974155426,0.9988170266151428,0,-0.05209999904036522,3.059299945831299,0,1
B38,mixamorig_RightHandThumb4,37,1,0,0,0,0,1,0,0,0,0,1,0,-0.38600000739097595,2.625200033187866,0,1
B39,mixamorig_RightHandIndex1,34,0.9960970282554626,-0.08821699768304825,0.0029643902089446783,0,0.08516161143779755,0.969340980052948,0.23049160838127136,0,-0.02320699952542782,-0.22933900356292725,0.9730700254440308,0,2.566999912261963,7.105000019073486,0.039400000125169754,1
B40,mixamorig_RightHandIndex2,39,0.9997040033340454,0.024168608710169792,0.0026829999405890703,0,-0.0241136085242033,0.9710639715194702,0.23759999871253967,0,0.0031369999051094055,-0.23759500682353973,0.9713590145111084,0,-0.0010000000474974513,2.9493000507354736,0,1
B41,mixamorig_RightHandIndex3,40,0.9998440146446228,0.017649000510573387,0.001154000055976212,0,-0.017660999670624733,0.9926570057868958,0.1196649968624115,0,0.0009660000214353204,-0.11966700106859207,0.9928140044212341,0,-0.005499999970197678,2.8015999794006348,0,1
B42,mixamorig_RightHandIndex4,41,1,0,0,0,0,1,0,0,0,0,1,0,0.006500000134110451,2.3635001182556152,0,1
B43,mixamorig_RightHandMiddle1,34,0.9963600039482117,-0.08517000079154968,0.0037070000544190407,0,0.08202599734067917,0.9696130156517029,0.23048099875450134,0,-0.023225000128149986,-0.22933800518512726,0.9730700254440308,0,0.8360999822616577,7.262800216674805,-0.11010000109672546,1
B44,mixamorig_RightHandMiddle2,43,0.9997320175170898,0.022957000881433487,0.003011999884620309,0,-0.02301499992609024,0.9710919857025146,0.23759500682353973,0,0.002529609715566039,-0.2376003861427307,0.9713600277900696,0,0.00930000003427267,3.3111000061035156,0,1
B45,mixamorig_RightHandMiddle3,44,0.9999539852142334,0.009566999971866608,0.0005099999834783375,0,-0.00955899991095066,0.9927679896354675,0.11966899782419205,0,0.0006380000268109143,-0.11966799944639206,0.9928140044212341,0,0,3.1891000270843506,0,1
B46,mixamorig_RightHandMiddle4,45,1,0,0,0,0,1,0,0,0,0,1,0,-0.009200000204145908,2.691499948501587,0,1
B47,mixamorig_RightHandRing1,34,0.9961249828338623,-0.08780799806118011,0.005014999769628048,0,0.08429300040006638,0.9694169759750366,0.23048800230026245,0,-0.025100000202655792,-0.2291720062494278,0.9730619788169861,0,-0.9853000044822693,7.492700099945068,-0.01889999955892563,1
B48,mixamorig_RightHandRing2,47,0.9996899962425232,0.024728000164031982,0.0030380000825971365,0,-0.024740999564528465,0.971036970615387,0.23764300346374512,0,0.0029266097117215395,-0.23764438927173615,0.971347987651825,0,0.001500000013038516,2.815500020980835,0,1
B49,mixamorig_RightHandRing3,48,0.999925971031189,0.012186000123620033,0.0006980000180192292,0,-0.01218200009316206,0.9927359819412231,0.11969199776649475,0,0.0007650000043213367,-0.11969199776649475,0.9928110241889954,0,-0.00009999999747378752,2.7356998920440674,0,1
B50,mixamorig_RightHandRing4,49,1,0,0,0,0,1,0,0,0,0,1,0,-0.00139999995008111,2.3531999588012695,0,1
B51,mixamorig_RightHandPinky1,34,0.9960150122642517,-0.08895699679851532,0.006338390056043863,0,0.08510799705982208,0.969344973564148,0.2304919958114624,0,-0.02664799988269806,-0.22903461754322052,0.973052978515625,0,-2.4177000522613525,7.441800117492676,0.09099999815225601,1
B52,mixamorig_RightHandPinky2,51,0.9997550249099731,0.022021999582648277,0.002348999958485365,0,-0.021949000656604767,0.9710929989814758,0.2376910001039505,0,0.0029529999010264874,-0.2376839965581894,0.9713379740715027,0,-0.000699999975040555,2.4493000507354736,0,1
B53,mixamorig_RightHandPinky3,52,0.9997959733009338,0.02015499956905842,0.0013780000153928995,0,-0.02017500065267086,0.9926040172576904,0.11970800161361694,0,0.0010450000409036875,-0.1197109967470169,0.9928079843521118,0,-0.006399999838322401,1.965999960899353,0,1
B54,mixamorig_RightHandPinky4,53,1,0,0,0,0,1,0,0,0,0,1,0,0.0071000000461936,1.6121000051498413,0,1
B55,mixamorig_LeftUpLeg,0,-0.8526155352592468,-0.1774798482656479,0.4914190471172333,0,0.515615701675415,-0.43781229853630066,0.7365062832832336,0,0.08443037420511246,0.8813642859458923,0.46478164196014404,0,6.620200157165527,-8.816800117492676,-0.4472000002861023,1
B56,mixamorig_LeftLeg,55,0.9790586233139038,-0.08822070062160492,0.18345879018306732,0,0.19887033104896545,0.22187604010105133,-0.9544906616210938,0,0.043486420065164566,0.9709888696670532,0.23477406799793243,0,-0.37229999899864197,36.18519973754883,0.08829999715089798,1
B57,mixamorig_LeftFoot,56,0.9965416193008423,-0.0750436782836914,-0.03492549806833267,0,0.08068130910396576,0.7840762138366699,0.6151489019393921,0,-0.01868419349193573,-0.6158453226089478,0.787457287311554,0,0,46.263099670410156,0,1
B58,mixamorig_LeftToeBase,57,0.999121904373169,0.032247357070446014,0.026082903146743774,0,-0.03949534520506859,0.5491666197776794,0.8347712159156799,0,0.01259396318346262,-0.8350691199302673,0.5499566793441772,0,0,16.368600845336914,0,1
B59,mixamorig_LeftToe_End,58,1,0,0,0,0,1,0,0,0,0,1,0,0,6.664999961853027,0,1
B60,mixamorig_RightUpLeg,0,-0.9627825617790222,0.08406015485525131,-0.25683969259262085,0,-0.22534936666488647,-0.7742718458175659,0.5913575291633606,0,-0.1491621881723404,0.6272404193878174,0.7643988132476807,0,-6.620200157165527,-8.816800117492676,-0.4472000002861023,1
B61,mixamorig_RightLeg,60,0.9926247000694275,-0.11959847062826157,-0.018809260800480843,0,-0.003994930535554886,0.12288892269134521,-0.9923283457756042,0,0.12106718868017197,0.9851142168045044,0.12150732427835464,0,0.37209999561309814,36.18389892578125,0.49619999527931213,1
B62,mixamorig_RightFoot,61,0.9903062582015991,0.12379344552755356,-0.06290049850940704,0,0.06666701287031174,-0.02643371745944023,0.9974170923233032,0,0.12181814014911652,-0.9919443726539612,-0.034424953162670135,0,0,46.253299713134766,0,1
B63,mixamorig_RightToeBase,62,0.9985870122909546,0,-0.05314600095152855,0,0.03198299929499626,0.7986528277397156,0.6009419560432434,0,0.042445000261068344,-0.6017919778823853,0.7975244522094727,0,0,16.863399505615234,0,1
B64,mixamorig_RightToe_End,63,1,0,0,0,0,1,0,0,0,0,1,0,0,6.677599906921387,0,1
@52,0,1,2,3,4,5,7,8,9,10,11,12,13,15,16,17,19,20,21,23,24,25,27,28,29,31,32,33,34,35,36,37,39,40,41,43,44,45,47,48,49,51,52,53,55,56,57,58,60,61,62,63
K0.000,0.9466779828071594,-0.03876499831676483,0.3198409974575043,0,0.05464399978518486,0.9976710081100464,-0.04081999883055687,0,-0.31751400232315063,0.056120000779628754,0.9465910196304321,0,-4.641027927398682,84.63211059570312,-16.07221221923828,1,0.9999390244483948,-0.004623000044375658,0.009991000406444073,0,0.0037720000836998224,0.9964960217475891,0.08355899900197983,0,-0.010342000052332878,-0.08351600170135498,0.9964529871940613,0,0,5.645699977874756,-0.03189999982714653,1,0.9997580051422119,0.015843000262975693,0.015285000205039978,0,-0.018312999978661537,0.9838529825210571,0.17803999781608582,0,-0.012218000367283821,-0.17827700078487396,0.983905017375946,0,0,6.5868000984191895,0,1,0.9997869729995728,0.013279000297188759,0.015819000080227852,0,-0.01588599942624569,0.983879029750824,0.17812800407409668,0,-0.01319899968802929,-0.17834100127220154,0.9838799834251404,0,0,7.5278000831604,0,1,0.9994419813156128,0.003071000101044774,0.033264998346567154,0,-0.006916999816894531,0.9932119846343994,0.11611100286245346,0,-0.03268299996852875,-0.11627700179815292,0.9926789999008179,0,0,8.468700408935547,0,1,0.9834870100021362,0.04401199892163277,0.17554500699043274,0,-0.039096999913454056,0.9987429976463318,-0.0313589982688427,0,-0.17670400440692902,0.02397800050675869,0.9839720129966736,0,0,5.998899936676025,-1.159000039100647,1,-0.02117599919438362,0.00790799967944622,-0.9997439980506897,0,0.930325984954834,-0.3660370111465454,-0.022600999101996422,0,-0.3661220073699951,-0.9305670261383057,0.00039400000241585076,0,3.4147000312805176,7.343400001525879,-0.017400000244379044,1,0.9906299710273743,-0.1186240017414093,-0.06768599897623062,0,0.13497799634933472,0.9259520173072815,0.3526949882507324,0,0.0208359993994236,-0.35852599143981934,0.9332870244979858,0,0,7.189700126647949,0,1,-0.41947299242019653,0.9076399803161621,0.015269000083208084,0,-0.9076409935951233,-0.4196360111236572,0.009650000371038914,0,0.015166999772191048,-0.00981099996715784,0.9998369812965393,0,0,24.20359992980957,0,1,0.8301470279693604,-0.11763300001621246,0.5449950098991394,0,0.3414759933948517,0.8799759745597839,-0.3302069902420044,0,-0.4407390058040619,0.460222989320755,0.7706779837608337,0,0,21.59510040283203,0,1,0.9257479906082153,0.3304150104522705,-0.18389299511909485,0,-0.17093099653720856,0.7994379997253418,0.5759170055389404,0,0.3373030126094818,-0.5017210245132446,0.7965570092201233,0,-2.1452999114990234,2.0982000827789307,1.1066999435424805,1,0.9966520071029663,-0.08170700073242188,0.0028150000143796206,0,0.08174800127744675,0.9964359998703003,-0.020805999636650085,0,-0.0011050000321120024,0.020966000854969025,0.999779999256134,0,-0.4422000050544739,2.52020001411438,0,1,0.9992200136184692,0.03949499875307083,0.00010900000052060932,0,-0.039409998804330826,0.9972609877586365,-0.06258700042963028,0,-0.002581000095233321,0.06253399699926376,0.9980390071868896,0,0.05009999871253967,3.1054999828338623,0,1,0.996304988861084,0.08585400134325027,-0.0025019999593496323,0,-0.0834370031952858,0.9743459820747375,0.20901499688625336,0,0.020383000373840332,-0.2080329954624176,0.9779090285301208,0,-2.561000108718872,7.100100040435791,0.04859999939799309,1,0.9998390078544617,-0.017911000177264214,-0.0014659999869763851,0,0.01791200041770935,0.9865480065345764,0.16248899698257446,0,-0.0014639999717473984,-0.16248899698257446,0.9867089986801147,0,-0.0006000000284984708,3.0000998973846436,0,1,0.9999570250511169,-0.009316000156104565,-0.0003699999942909926,0,0.009314999915659428,0.9966279864311218,0.0815190002322197,0,-0.00039000000106170774,-0.0815190002322197,0.9966719746589661,0,0.0005000000237487257,2.7486000061035156,0,1,0.9963089823722839,0.08576499670743942,-0.0036689999978989363,0,-0.08311299979686737,0.9744330048561096,0.2087399959564209,0,0.021477999165654182,-0.20766499638557434,0.9779639840126038,0,-0.8248999714851379,7.382699966430664,-0.1046999990940094,1,0.9998729825019836,-0.015867000445723534,-0.0012659999774768949,0,0.01586100086569786,0.9865339994430542,0.16278700530529022,0,-0.0013340000296011567,-0.16278600692749023,0.9866600036621094,0,-0.0019000000320374966,3.3796000480651855,0,1,0.9999269843101501,-0.012109999544918537,-0.00044800000614486635,0,0.012106000445783138,0.9965969920158386,0.08152899891138077,0,-0.0005409999866969883,-0.08152899891138077,0.9966710209846497,0,0.005499999970197678,3.1907999515533447,0,1,0.9962520003318787,0.08598700165748596,-0.00941300019621849,0,-0.08213099837303162,0.9744600057601929,0.20900100469589233,0,0.027143999934196472,-0.20744499564170837,0.977869987487793,0,0.8877999782562256,7.537499904632568,0.09640000015497208,1,0.9998800158500671,-0.015426999889314175,-0.0013160000089555979,0,0.015436000190675259,0.9865700006484985,0.16260899603366852,0,-0.0012110000243410468,-0.1626099944114685,0.9866899847984314,0,-0.00430000014603138,2.8452000617980957,0,1,0.9999729990959167,-0.0073540001176297665,-0.00027799999224953353,0,0.00735200010240078,0.9966400265693665,0.08157899975776672,0,-0.0003229999856557697,-0.08157899975776672,0.9966670274734497,0,0.000699999975040555,2.680999994277954,0,1,0.9997090101242065,0.0170499999076128,-0.01708099991083145,0,-0.013287999667227268,0.9796720147132874,0.2001660019159317,0,0.02014699950814247,-0.19988100230693817,0.9796130061149597,0,2.498199939727783,7.361700057983398,0.028699999675154686,1,0.9985899925231934,0.053061001002788544,-0.0012390000047162175,0,-0.05207199975848198,0.9839460253715515,0.17069999873638153,0,0.010276000015437603,-0.17039500176906586,0.9853219985961914,0,0.0005000000237487257,2.4802000522613525,0,1,0.9999390244483948,-0.011018999852240086,-0.00048499999684281647,0,0.011021999642252922,0.9966109991073608,0.08151999861001968,0,-0.0004149999876972288,-0.08152099698781967,0.9966719746589661,0,0.00139999995008111,1.9510999917984009,0,1,-0.1266379952430725,-0.002827000105753541,0.9919450283050537,0,-0.8848810195922852,-0.4515869915485382,-0.11425600200891495,0,0.4482719898223877,-0.8922230005264282,0.054687000811100006,0,-3.4147000312805176,7.343200206756592,0.004699999932199717,1,0.9890289902687073,-0.12955400347709656,-0.07097499817609787,0,0.14223100244998932,0.9649270176887512,0.22065100073814392,0,0.039900001138448715,-0.2283249944448471,0.9727669954299927,0,0,7.189700126647949,0,1,-0.04918399825692177,-0.9987589716911316,-0.007809000089764595,0,0.998760998249054,-0.049240000545978546,0.00722600007429719,0,-0.007600999902933836,-0.007443999871611595,0.9999430179595947,0,0,24.202699661254883,0,1,0.7556319832801819,0.1400730013847351,-0.6398440003395081,0,-0.49768099188804626,0.7578740119934082,-0.42183101177215576,0,0.4258340001106262,0.6371870040893555,0.6423850059509277,0,0,21.595600128173828,0,1,0.8480870127677917,-0.522026002407074,-0.09075900167226791,0,0.4634400010108948,0.6477839946746826,0.6046479940414429,0,-0.256850004196167,-0.55485600233078,0.7913050055503845,0,2.1654000282287598,2.135200023651123,1.1744999885559082,1,0.9737070202827454,0.2212900072336197,0.0540819987654686,0,-0.22245299816131592,0.9748049974441528,0.016447000205516815,0,-0.04907999932765961,-0.02804500050842762,0.9984009861946106,0,0.43810001015663147,2.5708999633789062,0,1,0.9996410012245178,-0.010061999782919884,0.02484400011599064,0,0.011095000430941582,0.999064028263092,-0.04181100055575371,0,-0.024399999529123306,0.04207099974155426,0.9988170266151428,0,-0.05209999904036522,3.059299945831299,0,1,0.9960970282554626,-0.08821699768304825,0.0029639999847859144,0,0.08516199886798859,0.969340980052948,0.2304919958114624,0,-0.02320699952542782,-0.22934000194072723,0.9730700254440308,0,2.566999912261963,7.105000019073486,0.039400000125169754,1,0.9997040033340454,0.024167999625205994,0.0026829999405890703,0,-0.02411399967968464,0.9710639715194702,0.23759999871253967,0,0.0031369999051094055,-0.23759500682353973,0.9713590145111084,0,-0.0010000000474974513,2.9493000507354736,0,1,0.9998440146446228,0.017649000510573387,0.001154000055976212,0,-0.017660999670624733,0.9926570057868958,0.1196649968624115,0,0.0009660000214353204,-0.11966700106859207,0.9928140044212341,0,-0.005499999970197678,2.8015999794006348,0,1,0.9963600039482117,-0.08517000079154968,0.003708000062033534,0,0.08202599734067917,0.9696130156517029,0.23048099875450134,0,-0.023225000128149986,-0.22933800518512726,0.9730700254440308,0,0.8360999822616577,7.262800216674805,-0.11010000109672546,1,0.9997320175170898,0.022957000881433487,0.003011999884620309,0,-0.02301499992609024,0.9710919857025146,0.23759500682353973,0,0.002529999939724803,-0.23759999871253967,0.9713600277900696,0,0.00930000003427267,3.3111000061035156,0,1,0.9999539852142334,0.009566999971866608,0.0005109999910928309,0,-0.00955899991095066,0.9927679896354675,0.11966799944639206,0,0.0006380000268109143,-0.11966799944639206,0.9928140044212341,0,0,3.1891000270843506,0,1,0.9961249828338623,-0.08780799806118011,0.005014999769628048,0,0.08429300040006638,0.9694169759750366,0.23048800230026245,0,-0.025100000202655792,-0.2291720062494278,0.9730619788169861,0,-0.9853000044822693,7.492700099945068,-0.01889999955892563,1,0.9996899962425232,0.024728000164031982,0.0030380000825971365,0,-0.024740999564528465,0.971036970615387,0.23764300346374512,0,0.00292599992826581,-0.2376440018415451,0.971347987651825,0,0.001500000013038516,2.815500020980835,0,1,0.999925971031189,0.012186000123620033,0.0006990000256337225,0,-0.01218200009316206,0.9927359819412231,0.11969199776649475,0,0.0007650000043213367,-0.11969199776649475,0.9928110241889954,0,-0.00009999999747378752,2.7356998920440674,0,1,0.9960150122642517,-0.08895699679851532,0.0063390000723302364,0,0.08510900288820267,0.969344973564148,0.2304929941892624,0,-0.02664799988269806,-0.22903500497341156,0.973052978515625,0,-2.4177000522613525,7.441800117492676,0.09099999815225601,1,0.9997550249099731,0.022021999582648277,0.002348999958485365,0,-0.021949000656604767,0.9710929989814758,0.2376910001039505,0,0.0029529999010264874,-0.2376839965581894,0.9713379740715027,0,-0.000699999975040555,2.4493000507354736,0,1,0.9997959733009338,0.02015499956905842,0.0013780000153928995,0,-0.02017500065267086,0.9926040172576904,0.11970800161361694,0,0.0010450000409036875,-0.1197109967470169,0.9928079843521118,0,-0.006399999838322401,1.965999960899353,0,1,-0.923550009727478,-0.31673699617385864,0.21617700159549713,0,0.38148099184036255,-0.8162919878959656,0.4337500035762787,0,0.03907899931073189,0.48305800557136536,0.8747159838676453,0,6.620200157165527,-8.816800117492676,-0.4472000002861023,1,0.9961720108985901,0.040206000208854675,-0.07761400192975998,0,-0.08688999712467194,0.35880398750305176,-0.9293599724769592,0,-0.009518000297248363,0.9325469732284546,0.36092400550842285,0,-0.37229999899864197,36.18519973754883,0.08829999715089798,1,0.9455469846725464,-0.3084000051021576,-0.10407000035047531,0,0.12611700594425201,0.05238499864935875,0.9906309843063354,0,-0.3000589907169342,-0.9498130083084106,0.08842699974775314,0,0,46.263099670410156,0,1,0.9984380006790161,-0.00007200000254670158,0.055872999131679535,0,-0.03517900034785271,0.7760819792747498,0.6296499967575073,0,-0.043407000601291656,-0.6306319832801819,0.7748669981956482,0,0,16.368600845336914,0,1,-0.9932019710540771,0.11151999980211258,-0.033369001001119614,0,-0.10655000060796738,-0.7555299997329712,0.646390974521637,0,0.04687400162220001,0.6455519795417786,0.7622770071029663,0,-6.620200157165527,-8.816800117492676,-0.4472000002861023,1,0.9849990010261536,0.08756499737501144,0.1486939936876297,0,0.11860200017690659,0.282370001077652,-0.9519460201263428,0,-0.12534399330615997,0.9553009867668152,0.26774901151657104,0,0.37209999561309814,36.18389892578125,0.49619999527931213,1,0.9472339749336243,-0.014557999558746815,0.3202109932899475,0,-0.31619399785995483,0.12153100222349167,0.9408779740333557,0,-0.05261300131678581,-0.992480993270874,0.11051599681377411,0,0,46.253299713134766,0,1,0.9987310171127319,0.0005329999839887023,-0.0503540001809597,0,0.034710001200437546,0.717170000076294,0.6960330009460449,0,0.0364839993417263,-0.6968979835510254,0.7162420153617859,0,0,16.863399505615234,0,1
K0.033,0.9627951383590698,-0.06778430193662643,0.26159143447875977,0,0.07434023916721344,0.9971169829368591,-0.015236741863191128,0,-0.2598044276237488,0.03411675617098808,0.9650581479072571,0,-5.319445610046387,85.17198181152344,-16.012283325195312,1,0.9993339776992798,0.022687291726469994,0.02856518141925335,0,-0.024889303371310234,0.9965440034866333,0.0792449489235878,0,-0.026668157428503036,-0.07990296185016632,0.9964460134506226,0,0,5.645699977874756,-0.03189999982714653,1,0.9979119300842285,0.036684226244688034,0.05315937101840973,0,-0.04521928355097771,0.9844970107078552,0.169470876455307,0,-0.04611833393573761,-0.1715209186077118,0.9840999841690063,0,0,6.5868000984191895,0,1,0.997982919216156,0.034806232899427414,0.05309236794710159,0,-0.043366286903619766,0.9845380187034607,0.16971789300441742,0,-0.046364326030015945,-0.17167793214321136,0.9840620160102844,0,0,7.5278000831604,0,1,0.9996629953384399,0.005394000094383955,0.025386909022927284,0,-0.008304989896714687,0.9932129979133606,0.11601100116968155,0,-0.02458891086280346,-0.11618299782276154,0.9929230213165283,0,0,8.468700408935547,0,1,0.9918880462646484,0.02039576880633831,0.1254664808511734,0,-0.017114780843257904,0.9994840025901794,-0.02716701291501522,0,-0.1259554624557495,0.024799039587378502,0.9917260408401489,0,0,5.998899936676025,-1.159000039100647,1,-0.005943872965872288,0.009131011553108692,-0.9999409914016724,0,0.9361360669136047,-0.3515278398990631,-0.008774884045124054,0,-0.35158684849739075,-0.936133086681366,-0.006458054296672344,0,3.4147000312805176,7.343400001525879,-0.017400000244379044,1,0.9950558543205261,-0.08120758831501007,0.05717715620994568,0,0.06162843480706215,0.9563242197036743,0.28573712706565857,0,-0.07788398861885071,-0.28080013394355774,0.956601083278656,0,0,7.189700126647949,0,1,-0.36440327763557434,0.9311252236366272,0.014683992601931095,0,-0.9311272501945496,-0.3645602762699127,0.009900002740323544,0,0.014571992680430412,-0.010065002366900444,0.9998430013656616,0,0,24.20359992980957,0,1,0.8166767954826355,-0.09916079789400101,0.5685123205184937,0,0.34351304173469543,0.8751229643821716,-0.3408220708370209,0,-0.46372130513191223,0.4736321270465851,0.7487557530403137,0,0,21.59510040283203,0,1,0.9257479906082153,0.3304150104522705,-0.18389299511909485,0,-0.17093099653720856,0.799439013004303,0.5759170055389404,0,0.3373030126094818,-0.5017210245132446,0.7965570092201233,0,-2.1452999114990234,2.0982000827789307,1.1066999435424805,1,0.9966520071029663,-0.08170700073242188,0.0028150000143796206,0,0.08174800127744675,0.9964359998703003,-0.02080499939620495,0,-0.0011050000321120024,0.020966000854969025,0.999779999256134,0,-0.4422000050544739,2.52020001411438,0,1,0.9992200136184692,0.03949499875307083,0.00010900000779656693,0,-0.03941100090742111,0.9972609877586365,-0.06258700042963028,0,-0.002581000095233321,0.06253399699926376,0.9980390071868896,0,0.05009999871253967,3.1054999828338623,0,1,0.996304988861084,0.08585499972105026,-0.0025019999593496323,0,-0.08343800157308578,0.9743459820747375,0.20901499688625336,0,0.020383000373840332,-0.2080339938402176,0.9779090285301208,0,-2.561000108718872,7.100100040435791,0.04859999939799309,1,0.9998390078544617,-0.017911000177264214,-0.0014659999869763851,0,0.01791200041770935,0.9865480065345764,0.16248899698257446,0,-0.0014639999717473984,-0.16248899698257446,0.9867089986801147,0,-0.0006000000284984708,3.0000998973846436,0,1,0.9999570250511169,-0.009316000156104565,-0.0003699999942909926,0,0.009314999915659428,0.9966279864311218,0.0815190002322197,0,-0.00039000000106170774,-0.0815190002322197,0.9966719746589661,0,0.0005000000237487257,2.7486000061035156,0,1,0.9963089823722839,0.08576600253582001,-0.0036700000055134296,0,-0.08311399817466736,0.9744330048561096,0.2087399959564209,0,0.02147899940609932,-0.20766499638557434,0.9779639840126038,0,-0.8248999714851379,7.382699966430664,-0.1046999990940094,1,0.9998729825019836,-0.015867000445723534,-0.0012659999774768949,0,0.01586100086569786,0.9865339994430542,0.16278700530529022,0,-0.0013340000296011567,-0.16278600692749023,0.9866600036621094,0,-0.0019000000320374966,3.3796000480651855,0,1,0.9999269843101501,-0.012109000235795975,-0.00044800000614486635,0,0.012106000445783138,0.9965969920158386,0.08152999728918076,0,-0.0005409999866969883,-0.08152899891138077,0.9966710209846497,0,0.005499999970197678,3.1907999515533447,0,1,0.9962520003318787,0.08598700165748596,-0.00941300019621849,0,-0.08213099837303162,0.9744600057601929,0.20900100469589233,0,0.027143999934196472,-0.20744499564170837,0.977869987487793,0,0.8877999782562256,7.537499904632568,0.09640000015497208,1,0.9998800158500671,-0.015426999889314175,-0.0013150000013411045,0,0.015434999950230122,0.9865700006484985,0.16260899603366852,0,-0.0012110000243410468,-0.1626099944114685,0.9866899847984314,0,-0.00430000014603138,2.8452000617980957,0,1,0.9999729990959167,-0.0073540001176297665,-0.00027799999224953353,0,0.00735200010240078,0.9966400265693665,0.08157999813556671,0,-0.0003229999856557697,-0.08157899975776672,0.9966670274734497,0,0.000699999975040555,2.680999994277954,0,1,0.9997090101242065,0.0170499999076128,-0.01708099991083145,0,-0.013287999667227268,0.9796720147132874,0.2001660019159317,0,0.02014699950814247,-0.19988100230693817,0.9796130061149597,0,2.498199939727783,7.361700057983398,0.028699999675154686,1,0.9985899925231934,0.053061001002788544,-0.0012390000047162175,0,-0.05207100138068199,0.9839460253715515,0.17069999873638153,0,0.01027700025588274,-0.17039400339126587,0.9853219985961914,0,0.0005000000237487257,2.4802000522613525,0,1,0.9999390244483948,-0.011018999852240086,-0.00048499999684281647,0,0.011021999642252922,0.9966109991073608,0.08151999861001968,0,-0.0004149999876972288,-0.08152099698781967,0.9966719746589661,0,0.00139999995008111,1.9510999917984009,0,1,-0.14165815711021423,-0.001547984778881073,0.9899140000343323,0,-0.8798819184303284,-0.4580100476741791,-0.12662813067436218,0,0.45358705520629883,-0.8889459371566772,0.06351910531520844,0,-3.4147000312805176,7.343200206756592,0.004699999932199717,1,0.9940668940544128,-0.09524568170309067,0.05252235755324364,0,0.07635118067264557,0.9549688100814819,0.286715567111969,0,-0.07746521383523941,-0.28100457787513733,0.9565746188163757,0,0,7.189700126647949,0,1,-0.13436274230480194,-0.9908958673477173,-0.008425005711615086,0,0.9908978939056396,-0.13442474603652954,0.007167999166995287,0,-0.008235005661845207,-0.007384999189525843,0.9999390244483948,0,0,24.202699661254883,0,1,0.7931894659996033,0.12390484660863876,-0.5962363481521606,0,-0.47868064045906067,0.7320967316627502,-0.484663724899292,0,0.3764503598213196,0.6698373556137085,0.6400020122528076,0,0,21.595600128173828,0,1,0.8480870127677917,-0.522026002407074,-0.09075900167226791,0,0.4634400010108948,0.6477839946746826,0.6046479940414429,0,-0.256850004196167,-0.55485600233078,0.7913050055503845,0,2.1654000282287598,2.135200023651123,1.1744999885559082,1,0.9737070202827454,0.2212900072336197,0.0540819987654686,0,-0.22245299816131592,0.9748049974441528,0.016447000205516815,0,-0.04907999932765961,-0.02804500050842762,0.9984009861946106,0,0.43810001015663147,2.5708999633789062,0,1,0.9996410012245178,-0.010061999782919884,0.0248429998755455,0,0.011095000430941582,0.999064028263092,-0.04181100055575371,0,-0.02439899928867817,0.04207099974155426,0.9988170266151428,0,-0.05209999904036522,3.059299945831299,0,1,0.9960970282554626,-0.08821699768304825,0.0029639999847859144,0,0.08516199886798859,0.969340980052948,0.2304919958114624,0,-0.02320699952542782,-0.22934000194072723,0.9730700254440308,0,2.566999912261963,7.105000019073486,0.039400000125169754,1,0.9997040033340454,0.024167999625205994,0.0026829999405890703,0,-0.02411399967968464,0.9710639715194702,0.23759999871253967,0,0.0031369999051094055,-0.23759399354457855,0.9713590145111084,0,-0.0010000000474974513,2.9493000507354736,0,1,0.9998440146446228,0.017649000510573387,0.001154000055976212,0,-0.017660999670624733,0.9926570057868958,0.1196649968624115,0,0.0009660000214353204,-0.11966700106859207,0.9928140044212341,0,-0.005499999970197678,2.8015999794006348,0,1,0.9963600039482117,-0.08517000079154968,0.003708000062033534,0,0.08202599734067917,0.9696130156517029,0.23048099875450134,0,-0.023225000128149986,-0.22933800518512726,0.9730700254440308,0,0.8360999822616577,7.262800216674805,-0.11010000109672546,1,0.9997320175170898,0.022957000881433487,0.003011999884620309,0,-0.02301499992609024,0.9710919857025146,0.23759500682353973,0,0.002529999939724803,-0.23759999871253967,0.9713600277900696,0,0.00930000003427267,3.3111000061035156,0,1,0.9999539852142334,0.00956599973142147,0.0005099999834783375,0,-0.00955899991095066,0.9927679896354675,0.11966899782419205,0,0.0006380000268109143,-0.11966799944639206,0.9928140044212341,0,0,3.1891000270843506,0,1,0.9961249828338623,-0.08780799806118011,0.005014999769628048,0,0.08429300040006638,0.9694169759750366,0.23048800230026245,0,-0.025100000202655792,-0.2291720062494278,0.9730619788169861,0,-0.9853000044822693,7.492700099945068,-0.01889999955892563,1,0.9996899962425232,0.024728000164031982,0.0030380000825971365,0,-0.024740999564528465,0.971036970615387,0.23764300346374512,0,0.00292599992826581,-0.2376440018415451,0.971347987651825,0,0.001500000013038516,2.815500020980835,0,1,0.999925971031189,0.012186000123620033,0.0006990000256337225,0,-0.01218200009316206,0.9927359819412231,0.11969199776649475,0,0.0007650000043213367,-0.11969199776649475,0.9928110241889954,0,-0.00009999999747378752,2.7356998920440674,0,1,0.9960150122642517,-0.08895699679851532,0.0063390000723302364,0,0.08510799705982208,0.969344973564148,0.2304929941892624,0,-0.02664799988269806,-0.22903500497341156,0.973052978515625,0,-2.4177000522613525,7.441800117492676,0.09099999815225601,1,0.9997550249099731,0.022021999582648277,0.002348999958485365,0,-0.021949000656604767,0.9710929989814758,0.2376910001039505,0,0.0029529999010264874,-0.2376839965581894,0.9713379740715027,0,-0.000699999975040555,2.4493000507354736,0,1,0.9997959733009338,0.02015499956905842,0.0013780000153928995,0,-0.02017500065267086,0.9926040172576904,0.11970800161361694,0,0.0010450000409036875,-0.1197109967470169,0.9928079843521118,0,-0.006399999838322401,1.965999960899353,0,1,-0.9190748929977417,-0.33905428647994995,0.20085889101028442,0,0.3940841853618622,-0.7903826236724854,0.4690343737602234,0,-0.0002724345540627837,0.5102322697639465,0.8600368499755859,0,6.620200157165527,-8.816800117492676,-0.4472000002861023,1,0.9940869808197021,0.029988834634423256,-0.10436724871397018,0,-0.1079331561923027,0.3784521520137787,-0.9193069338798523,0,0.01192826684564352,0.9251349568367004,0.37945112586021423,0,-0.37229999899864197,36.18519973754883,0.08829999715089798,1,0.9501640796661377,-0.29115378856658936,-0.11143302917480469,0,0.1378590613603592,0.07181821018457413,0.9878450036048889,0,-0.2796117663383484,-0.9539770483970642,0.10837719589471817,0,0,46.263099670410156,0,1,0.9984480142593384,-0.00011300064943498,0.0556969977915287,0,-0.035370003432035446,0.7711929678916931,0.6356180906295776,0,-0.04302499070763588,-0.6366010904312134,0.769991934299469,0,0,16.368600845336914,0,1,-0.9953870177268982,0.08109066635370255,-0.05127420276403427,0,-0.09510087221860886,-0.7633580565452576,0.6389369964599609,0,0.012670628726482391,0.6408659815788269,0.7675480246543884,0,-6.620200157165527,-8.816800117492676,-0.4472000002861023,1,0.9861969947814941,0.09549014270305634,0.13526679575443268,0,0.10128273814916611,0.2983681559562683,-0.9490619897842407,0,-0.13098609447479248,0.9496619701385498,0.2845781445503235,0,0.37209999561309814,36.18389892578125,0.49619999527931213,1,0.9647201895713806,-0.0018269194988533854,0.2632713317871094,0,-0.2608993649482727,0.12748098373413086,0.9569121599197388,0,-0.03530983626842499,-0.9918389916419983,0.12250702828168869,0,0,46.253299713134766,0,1,0.9987419843673706,0.0005589998909272254,-0.05013800039887428,0,0.034887999296188354,0.7104490399360657,0.7028829455375671,0,0.03601400554180145,-0.7037479281425476,0.709536075592041,0,0,16.863399505615234,0,1
