1.967,30,59,65
B0,mixamorig_Hips,-1,0.7313075065612793,0.0009728760342113674,0.6820472478866577,0,0.05483611300587654,0.9966781139373779,-0.060217440128326416,0,-0.6798397302627563,0.08143799751996994,0.7288247346878052,0,-0.12067733705043793,96.473388671875,-0.4642123579978943,1
B1,mixamorig_Spine,0,0.9967541694641113,-0.01177477091550827,-0.0796455666422844,0,0.019097983837127686,0.9955935478210449,0.09181033074855804,0,0.07821356505155563,-0.09303294122219086,0.992586612701416,0,0,5.645720958709717,-0.031929001212120056,1
B2,mixamorig_Spine1,1,0.986282229423523,-0.01870531588792801,-0.16400547325611115,0,0.05047590658068657,0.9801424145698547,0.1917620450258255,0,0.15716144442558289,-0.1974097490310669,0.9676409363746643,0,0,6.586782932281494,0,1
B3,mixamorig_Spine2,2,0.986282229423523,-0.01870531588792801,-0.16400547325611115,0,0.05047590658068657,0.9801424145698547,0.1917620450258255,0,0.1571611762046814,-0.1974097490310669,0.9676409363746643,0,0,7.527753829956055,0,1
B4,mixamorig_Neck,3,0.9997606873512268,0.004260486923158169,0.02144693396985531,0,-0.003106136806309223,0.9985591173171997,-0.053573302924633026,0,-0.021644331514835358,0.05349370464682579,0.9983333349227905,0,0,8.468717575073242,0,1
B5,mixamorig_Head,4,0.9369380474090576,-0.038511693477630615,-0.34736716747283936,0,-0.006792977452278137,0.9917153716087341,-0.12827129662036896,0,0.34942957758903503,0.12254171818494797,0.9289140701293945,0,0,5.998900890350342,-1.1589570045471191,1
B6,mixamorig_HeadTop_End,5,1,0,0,0,0,1,0,0,0,0,1,0,0,21.748809814453125,-4.2017598152160645,1
B7,mixamorig_LeftShoulder,3,-0.005370600614696741,0.026846297085285187,-0.9996252059936523,0,0.906962513923645,-0.4208981692790985,-0.016176987439393997,0,-0.42117440700531006,-0.906710147857666,-0.02208842523396015,0,3.4146649837493896,7.3433709144592285,-0.017399000003933907,1
B8,mixamorig_LeftArm,7,0.9707132577896118,0.032549407333135605,0.23802725970745087,0,-0.1946863979101181,0.6870866417884827,0.7000053524971008,0,-0.14076104760169983,-0.7258447408676147,0.6733013391494751,0,0,7.189681053161621,0,1
B9,mixamorig_LeftForeArm,8,0.6527335047721863,0.7486658692359924,-0.11592074483633041,0,-0.7499342560768127,0.6602246165275574,0.041236281394958496,0,0.10740597546100616,0.06001727283000946,0.9924017786979675,0,0,24.20357322692871,0,1
B10,mixamorig_LeftHand,9,0.9570156931877136,-0.11987870931625366,-0.26410239934921265,0,0.04607037082314491,0.9618521332740784,-0.26965197920799255,0,0.2863542437553406,0.24589374661445618,0.9260305762290955,0,0,21.59510040283203,0,1
B11,mixamorig_LeftHandThumb1,10,0.9051972031593323,0.3780040740966797,-0.1942388415336609,0,-0.22598236799240112,0.8151888847351074,0.5332884788513184,0,0.3599264919757843,-0.43883779644966125,0.8233307003974915,0,-2.1452620029449463,2.0982348918914795,1.1066800355911255,1
B12,mixamorig_LeftHandThumb2,11,0.9822821021080017,0.187306746840477,-0.006174018140882254,0,-0.18738007545471191,0.9821725487709045,-0.015037874691188335,0,0.003247498068958521,0.01592792198061943,0.9998679161071777,0,-0.442220002412796,2.5201809406280518,0,1
B13,mixamorig_LeftHandThumb3,12,0.9916470050811768,0.12893900275230408,0.003163000103086233,0,-0.12893900275230408,0.9916520118713379,-0.00046400001156143844,0,-0.0031969998963177204,0.00005199999941396527,0.9999949932098389,0,0.0500979982316494,3.105541944503784,0,1
B14,mixamorig_LeftHandThumb4,13,1,0,0,0,0,1,0,0,0,0,1,0,0.3921220004558563,2.67707896232605,0,1
B15,mixamorig_LeftHandIndex1,10,0.9724068641662598,0.2328135371208191,0.01494787447154522,0,-0.2332925945520401,0.9704643487930298,0.0614166334271431,0,-0.00020765827503055334,-0.06320936977863312,0.9979994893074036,0,-2.5610249042510986,7.100103855133057,0.048590000718832016,1
B16,mixamorig_LeftHandIndex2,15,0.9999458193778992,-0.01040780358016491,0.0002076907840091735,0,0.009897413663566113,0.9567657113075256,0.2906896770000458,0,-0.003224455052986741,-0.2906716763973236,0.9568166732788086,0,-0.0005649999948218465,3.000096082687378,0,1
B17,mixamorig_LeftHandIndex3,16,1,-0.00013899999612476677,9.999999974752427e-7,0,0.00013899999612476677,1,9.999999974752427e-7,0,-9.999999974752427e-7,-9.999999974752427e-7,1,0,0.00047400000039488077,2.748579978942871,0,1
B18,mixamorig_LeftHandIndex4,17,1,0,0,0,0,1,0,0,0,0,1,0,0.00009100000170292333,2.33434796333313,0,1
B19,mixamorig_LeftHandMiddle1,10,0.9986745715141296,-0.04260554164648056,-0.028860440477728844,0,0.04837702214717865,0.9684954285621643,0.2442854940891266,0,0.017543692141771317,-0.2453574538230896,0.9692738056182861,0,-0.8249279856681824,7.382678985595703,-0.10472899675369263,1
B20,mixamorig_LeftHandMiddle2,19,0.9993709325790405,0.03408895805478096,0.009804649278521538,0,-0.035246022045612335,0.9233188629150391,0.38241350650787354,0,0.003982851281762123,-0.3825185000896454,0.9239389300346375,0,-0.0018939999863505363,3.379565954208374,0,1
B21,mixamorig_LeftHandMiddle3,20,0.9999949932098389,-0.0030320000369101763,0.000029000000722589903,0,0.0030320000369101763,0.9999949932098389,9.999999974752427e-7,0,-0.000029000000722589903,-9.999999974752427e-7,1,0,0.005514000076800585,3.190788984298706,0,1
B22,mixamorig_LeftHandMiddle4,21,1,0,0,0,0,1,0,0,0,0,1,0,-0.0036200000904500484,2.752039909362793,0,1
B23,mixamorig_LeftHandRing1,10,0.9906784296035767,-0.13048765063285828,-0.03910279646515846,0,0.132088303565979,0.8500213027000427,0.5099173784255981,0,-0.03329978883266449,-0.5103296637535095,0.859333336353302,0,0.8877620100975037,7.537540912628174,0.09635099768638611,1
B24,mixamorig_LeftHandRing2,23,0.9982573986053467,0.05759209766983986,0.012864571996033192,0,-0.05544603615999222,0.8407658338546753,0.5385519862174988,0,0.020200306549668312,-0.5383269786834717,0.8424937129020691,0,-0.0042929998598992825,2.845231056213379,0,1
B25,mixamorig_LeftHandRing3,24,0.9999989867210388,0.0012732662726193666,-0.000050999999075429514,0,-0.0012732662726193666,0.9999989867210388,0,0,0.000050999999075429514,0,1,0,0.0007450000266544521,2.68100905418396,0,1
B26,mixamorig_LeftHandRing4,25,1,0,0,0,0,1,0,0,0,0,1,0,0.003548000007867813,2.2807118892669678,0,1
B27,mixamorig_LeftHandPinky1,10,0.9790492057800293,-0.19569359719753265,-0.05627075210213661,0,0.19362978637218475,0.8092336654663086,0.5546607375144958,0,-0.06300673633813858,-0.5539361238479614,0.8301714062690735,0,2.498189926147461,7.361748218536377,0.02872299961745739,1
B28,mixamorig_LeftHandPinky2,27,0.9941892027854919,0.10662791877985,0.014749324880540371,0,-0.09120194613933563,0.7616124153137207,0.6415831446647644,0,0.057177022099494934,-0.6392005681991577,0.7669116854667664,0,0.0005239999736659229,2.480185031890869,0,1
B29,mixamorig_LeftHandPinky3,28,0.9999979734420776,-0.0018627337412908673,-0.000018000000636675395,0,0.0018627337412908673,0.9999979734420776,9.999999974752427e-7,0,0.000018000000636675395,-9.999999974752427e-7,1,0,0.001382000045850873,1.9510979652404785,0,1
B30,mixamorig_LeftHandPinky4,29,1,0,0,0,0,1,0,0,0,0,1,0,-0.001905999961309135,1.6595449447631836,0,1
B31,mixamorig_RightShoulder,3,0.15244576334953308,-0.02689315378665924,0.9879456758499146,0,-0.8826996088027954,-0.45331764221191406,0.12386573106050491,0,0.4445219039916992,-0.8909426927566528,-0.09284602105617523,0,-3.4146649837493896,7.343245983123779,0.004668999928981066,1
B32,mixamorig_RightArm,31,0.9123541116714478,0.40034791827201843,-0.08561556786298752,0,-0.23093751072883606,0.6759448051452637,0.6998321413993835,0,0.3380482494831085,-0.6187232732772827,0.7091569304466248,0,0,7.189681053161621,0,1
B33,mixamorig_RightForeArm,32,0.737111508846283,-0.6723206043243408,-0.06820228695869446,0,0.6756831407546997,0.7316383719444275,0.09031083434820175,0,-0.010818197391927242,-0.11265208572149277,0.9935739636421204,0,0,24.202720642089844,0,1
B34,mixamorig_RightHand,33,0.9841676354408264,-0.10797303169965744,0.14055314660072327,0,0.07250719517469406,0.9688969254493713,0.2366040199995041,0,-0.16172875463962555,-0.22266674041748047,0.9613856077194214,0,0,21.595645904541016,0,1
B35,mixamorig_RightHandThumb1,34,0.9140428304672241,-0.3977556824684143,-0.07947401702404022,0,0.3964488208293915,0.8346391320228577,0.38236933946609497,0,-0.085757315158844,-0.38100889325141907,0.9205857515335083,0,2.165389060974121,2.1352429389953613,1.1744990348815918,1
B36,mixamorig_RightHandThumb2,35,0.9838348627090454,0.17907118797302246,0.0015719998627901077,0,-0.1790769100189209,0.983823835849762,0.0047506168484687805,0,-0.0006955962744541466,-0.004955428186804056,0.9999873042106628,0,0.43806299567222595,2.570949077606201,0,1
B37,mixamorig_RightHandThumb3,36,0.991694986820221,-0.12860499322414398,-0.0014982662396505475,0,0.12860499322414398,0.9916960000991821,-0.0002209999947808683,0,0.0015142662450671196,0.000025999999706982635,0.9999989867210388,0,-0.05206900089979172,3.059314012527466,0,1
B38,mixamorig_RightHandThumb4,37,1,0,0,0,0,1,0,0,0,0,1,0,-0.38599398732185364,2.6252200603485107,0,1
B39,mixamorig_RightHandIndex1,34,0.9949497580528259,-0.09843006730079651,-0.019679591059684753,0,0.09967337548732758,0.9919686913490295,0.07776547968387604,0,0.011866003274917603,-0.0793340653181076,0.9967696666717529,0,2.5669829845428467,7.10499382019043,0.039441999047994614,1
B40,mixamorig_RightHandIndex2,39,0.9999434947967529,0.01052653044462204,0.00015787193842697889,0,-0.010014365427196026,0.946442186832428,0.3224998712539673,0,0.003229644615203142,-0.3224843740463257,0.9464962482452393,0,-0.0010049999691545963,2.9493300914764404,0,1
B41,mixamorig_RightHandIndex3,40,0.9999889731407166,0.004712999798357487,0.0000470000013592653,0,-0.004712999798357487,0.9999889731407166,-9.999999974752427e-7,0,-0.0000470000013592653,9.999999974752427e-7,1,0,-0.005537999793887138,2.8015708923339844,0,1
B42,mixamorig_RightHandIndex4,41,1,0,0,0,0,1,0,0,0,0,1,0,0.006543000228703022,2.3635458946228027,0,1
B43,mixamorig_RightHandMiddle1,34,0.9979079961776733,-0.06355820596218109,-0.011849467642605305,0,0.06463493406772614,0.9763854742050171,0.20613917708396912,0,-0.001532259862869978,-0.2064739167690277,0.9784512519836426,0,0.8360949754714966,7.262775897979736,-0.11012200266122818,1
B44,mixamorig_RightHandMiddle2,43,0.9988506436347961,-0.04520809277892113,-0.015925686806440353,0,0.046555016189813614,0.8360283374786377,0.5467029213905334,0,-0.011401237919926643,-0.5468156933784485,0.8371725082397461,0,0.009278000332415104,3.3110880851745605,0,1
B45,mixamorig_RightHandMiddle3,44,0.9999939799308777,-0.0034179999493062496,0.00014099999680183828,0,0.0034179999493062496,0.9999939799308777,9.999999974752427e-7,0,-0.00014099999680183828,-2.662603151293297e-7,1,0,-0.000048999998398358,3.1891069412231445,0,1
B46,mixamorig_RightHandMiddle4,45,1,0,0,0,0,1,0,0,0,0,1,0,-0.009228999726474285,2.6915109157562256,0,1
B47,mixamorig_RightHandRing1,34,0.9991400837898254,0.00818145927041769,0.04064156115055084,0,-0.022805960848927498,0.9271368384361267,0.37402549386024475,0,-0.0346204973757267,-0.3746311664581299,0.9265268445014954,0,-0.9853349924087524,7.492674827575684,-0.018888000398874283,1
B48,mixamorig_RightHandRing2,47,0.9967729449272156,-0.07726898789405823,-0.0217580683529377,0,0.07393813133239746,0.7781938910484314,0.6236557364463806,0,-0.03125772252678871,-0.6232519745826721,0.7813949584960938,0,0.0014959999825805426,2.8155078887939453,0,1
B49,mixamorig_RightHandRing3,48,1,-0.0005579999997280538,0.000003999999989900971,0,0.0005579999997280538,1,-9.999999974752427e-7,0,-0.000003999999989900971,9.999999974752427e-7,1,0,-0.00006299999949987978,2.7356839179992676,0,1
B50,mixamorig_RightHandRing4,49,1,0,0,0,0,1,0,0,0,0,1,0,-0.0014329999685287476,2.353179931640625,0,1
B51,mixamorig_RightHandPinky1,34,0.9966840147972107,0.055335670709609985,0.0596611388027668,0,-0.0743219330906868,0.9175838232040405,0.39053383469581604,0,-0.03313380479812622,-0.3936728239059448,0.9186530709266663,0,-2.417742967605591,7.441802978515625,0.09101399779319763,1
B52,mixamorig_RightHandPinky2,51,0.9878945350646973,-0.15165217220783234,-0.03264416381716728,0,0.13427244126796722,0.7305670976638794,0.6695072054862976,0,-0.07768367975950241,-0.6657862663269043,0.7420859336853027,0,-0.0007029999978840351,2.449320077896118,0,1
B53,mixamorig_RightHandPinky3,52,0.9999709725379944,0.007659733761101961,0.000097999996796716,0,-0.007659733761101961,0.9999709725379944,-9.999999974752427e-7,0,-0.000097999996796716,0,1,0,-0.006401999853551388,1.9660470485687256,0,1
B54,mixamorig_RightHandPinky4,53,1,0,0,0,0,1,0,0,0,0,1,0,0.007104999851435423,1.61210298538208,0,1
B55,mixamorig_LeftUpLeg,0,-0.9608294367790222,-0.18712691962718964,0.2044256180524826,0,0.2568370997905731,-0.8783570528030396,0.4031413793563843,0,0.10412037372589111,0.43985459208488464,0.8920126557350159,0,6.62017822265625,-8.816845893859863,-0.4471830129623413,1
B56,mixamorig_LeftLeg,55,0.9634076952934265,-0.1914076805114746,-0.18763995170593262,0,0.047527484595775604,0.810938835144043,-0.5831972360610962,0,0.26379287242889404,0.5529391765594482,0.790361762046814,0,-0.37225601077079773,36.18519973754883,0.08833999931812286,1
B57,mixamorig_LeftFoot,56,0.9964784383773804,-0.0713387131690979,-0.044061604887247086,0,0.07577073574066162,0.5410767793655396,0.8375526666641235,0,-0.035909269005060196,-0.8379419445991516,0.5445765256881714,0,0,46.2630615234375,0,1
B58,mixamorig_LeftToeBase,57,0.9994127154350281,-0.033325374126434326,0.007977394387125969,0,0.02006513811647892,0.7578459978103638,0.6521249413490295,0,-0.027777692303061485,-0.6515821814537048,0.7580693364143372,0,0,16.36859893798828,-9.999999974752427e-7,1
B59,mixamorig_LeftToe_End,58,1,0,0,0,0,1,0,0,0,0,1,0,0,6.665021896362305,0,1
B60,mixamorig_RightUpLeg,0,-0.9352560639381409,0.2453591227531433,-0.2551366090774536,0,-0.2626812756061554,-0.9642240405082703,0.03563985601067543,0,-0.23726357519626617,0.10035252571105957,0.9662478566169739,0,-6.62017822265625,-8.816848754882812,-0.4471830129623413,1
B61,mixamorig_RightLeg,60,0.9883694052696228,-0.056967221200466156,-0.14099685847759247,0,-0.03224415332078934,0.827592670917511,-0.5604010820388794,0,0.14861257374286652,0.5584297776222229,0.8161302208900452,0,0.37211400270462036,36.18389892578125,0.4961569905281067,1
B62,mixamorig_RightFoot,61,0.9738987684249878,0.21625946462154388,0.0689353495836258,0,-0.12762673199176788,0.2705899178981781,0.954197108745575,0,0.18770134449005127,-0.9380900859832764,0.29112768173217773,0,0,46.25334930419922,0,1
B63,mixamorig_RightToeBase,62,0.9980305433273315,-0.0011246745707467198,-0.06272074580192566,0,0.04022734984755516,0.7786608338356018,0.6261541843414307,0,0.04813413694500923,-0.6274446249008179,0.7771721482276917,0,0,16.86341094970703,0,1
B64,mixamorig_RightToe_End,63,1,0,0,0,0,1,0,0,0,0,1,0,0,6.677563190460205,0,1
@52,0,1,2,3,4,5,7,8,9,10,11,12,13,15,16,17,19,20,21,23,24,25,27,28,29,31,32,33,34,35,36,37,39,40,41,43,44,45,47,48,49,51,52,53,55,56,57,58,60,61,62,63
K0.000,0.7309880256652832,0.0012809999752789736,0.6823890209197998,0,0.05199899896979332,0.9969859719276428,-0.05757499858736992,0,-0.6804059743881226,0.07756999880075455,0.7287179827690125,0,-0.11850299686193466,96.32333374023438,-0.7902470231056213,1,0.9967269897460938,-0.012384000234305859,-0.07989300042390823,0,0.019926000386476517,0.995343029499054,0.09431400150060654,0,0.07835300266742706,-0.09559699892997742,0.9923319816589355,0,0,5.645720958709717,-0.031929001212120056,1,0.9861840009689331,-0.01954999938607216,-0.16449600458145142,0,0.05220400169491768,0.9790909886360168,0.19661200046539307,0,0.1572130024433136,-0.20248299837112427,0.9665840268135071,0,0,6.586782932281494,0,1,0.9861840009689331,-0.01954999938607216,-0.16449500620365143,0,0.05220400169491768,0.9790909886360168,0.19661200046539307,0,0.1572120040655136,-0.20248299837112427,0.9665840268135071,0,0,7.527753829956055,0,1,0.9997439980506897,0.005067000165581703,0.022045999765396118,0,-0.003524000057950616,0.9975780248641968,-0.06947100162506104,0,-0.022345000877976418,0.06937500089406967,0.9973400235176086,0,0,8.468717575073242,0,1,0.9370599985122681,-0.04476400092244148,-0.3462870121002197,0,0.00621700007468462,0.9937300086021423,-0.1116349995136261,0,0.34911298751831055,0.1024560034275055,0.9314630031585693,0,0,5.998900890350342,-1.1589570045471191,1,0.006364999804645777,0.02507700026035309,-0.9996650218963623,0,0.8988869786262512,-0.43814900517463684,-0.005268000066280365,0,-0.43813401460647583,-0.8985530138015747,-0.025330999866127968,0,3.4146649837493896,7.3433709144592285,-0.017399000003933907,1,0.9683480262756348,0.03216699883341789,0.2475229948759079,0,-0.1992570012807846,0.6968690156936646,0.688962996006012,0,-0.15032899379730225,-0.7164760231971741,0.6812220215797424,0,0,7.189681053161621,0,1,0.6651269793510437,0.7382799983024597,-0.11202000081539154,0,-0.7401540279388428,0.6716740131378174,0.03202399984002113,0,0.09888400137424469,0.06161300092935562,0.9931899905204773,0,0,24.20357322692871,0,1,0.9573389887809753,-0.12411099672317505,-0.2609570026397705,0,0.032003000378608704,0.9430500268936157,-0.3311089873313904,0,0.2871899902820587,0.3086319863796234,0.906790018081665,0,0,21.59510040283203,0,1,0.9035459756851196,0.3842560052871704,-0.18961100280284882,0,-0.23260800540447235,0.8114879727363586,0.5360789895057678,0,0.3598580062389374,-0.44026699662208557,0.8225970268249512,0,-2.1452620029449463,2.0982348918914795,1.1066800355911255,1,0.9822779893875122,0.18732500076293945,-0.006258999928832054,0,-0.1873989999294281,0.9821760058403015,-0.014592000283300877,0,0.003413999918848276,0.015506000258028507,0.9998739957809448,0,-0.442220002412796,2.5201809406280518,0,1,0.9916470050811768,0.12893900275230408,0.003163000103086233,0,-0.12893900275230408,0.9916520118713379,-0.00046400001156143844,0,-0.0031969998963177204,0.00005199999941396527,0.9999949932098389,0,0.0500979982316494,3.105541944503784,0,1,0.9727740287780762,0.231331005692482,0.014014000073075294,0,-0.23174500465393066,0.9715139865875244,0.04954100027680397,0,-0.0021550001110881567,-0.05144000053405762,0.9986739754676819,0,-2.5610249042510986,7.100103855133057,0.048590000718832016,1,0.9999359846115112,-0.011289999820291996,-0.00017299999308306724,0,0.010878999717533588,0.9591400027275085,0.28272300958633423,0,-0.003025999991223216,-0.28270700573921204,0.959201991558075,0,-0.0005649999948218465,3.000096082687378,0,1,1,-0.00013899999612476677,0,0,0.00013899999612476677,1,0,0,0,0,1,0,0.00047400000039488077,2.748579978942871,0,1,0.9978839755058289,-0.05648599937558174,-0.032207001000642776,0,0.062460001558065414,0.970408022403717,0.23325400054454803,0,0.018077999353408813,-0.2347719967365265,0.9718819856643677,0,-0.8249279856681824,7.382678985595703,-0.10472899675369263,1,0.999413013458252,0.03300299867987633,0.009220999665558338,0,-0.034063998609781265,0.9275410175323486,0.3721669912338257,0,0.0037299999967217445,-0.37226200103759766,0.9281200170516968,0,-0.0018939999863505363,3.379565954208374,0,1,0.9999949932098389,-0.0030320000369101763,0.000029000000722589903,0,0.0030320000369101763,0.9999949932098389,0,0,-0.000029000000722589903,0,1,0,0.005514000076800585,3.190788984298706,0,1,0.9887009859085083,-0.14260999858379364,-0.04619299992918968,0,0.1464810073375702,0.8536390066146851,0.4998440146446228,0,-0.031849998980760574,-0.5009620189666748,0.8648830056190491,0,0.8877620100975037,7.537540912628174,0.09635099768638611,1,0.9983140230178833,0.0567299984395504,0.012279000133275986,0,-0.05463099852204323,0.8468970060348511,0.5289430022239685,0,0.01960800029337406,-0.5287219882011414,0.8485680222511292,0,-0.0042929998598992825,2.845231056213379,0,1,0.9999989867210388,0.0012730000307783484,-0.000050999999075429514,0,-0.0012730000307783484,0.9999989867210388,0,0,0.000050999999075429514,0,1,0,0.0007450000266544521,2.68100905418396,0,1,0.9763990044593811,-0.20638500154018402,-0.06364499777555466,0,0.20729400217533112,0.812824010848999,0.5443779826164246,0,-0.06061999872326851,-0.5447229743003845,0.8364220261573792,0,2.498189926147461,7.361748218536377,0.02872299961745739,1,0.9942330121994019,0.10628300160169601,0.01432000007480383,0,-0.09132199734449387,0.7690420150756836,0.6326410174369812,0,0.05622600018978119,-0.630299985408783,0.7743129730224609,0,0.0005239999736659229,2.480185031890869,0,1,0.9999979734420776,-0.0018619999755173922,-0.000018000000636675395,0,0.0018619999755173922,0.9999979734420776,0,0,0.000018000000636675395,0,1,0,0.001382000045850873,1.9510979652404785,0,1,0.1647769957780838,-0.024297000840306282,0.9860320091247559,0,-0.8712409734725952,-0.4722230136394501,0.13395799696445465,0,0.4623720049858093,-0.8811439871788025,-0.09898000210523605,0,-3.4146649837493896,7.343245983123779,0.004668999928981066,1,0.9081900119781494,0.40384599566459656,-0.109995998442173,0,-0.22622400522232056,0.6947140097618103,0.6827849745750427,0,0.35215601325035095,-0.5952140092849731,0.7222920060157776,0,0,7.189681053161621,0,1,0.7402430176734924,-0.666496992111206,-0.08844300359487534,0,0.6720290184020996,0.7374690175056458,0.06721200048923492,0,0.020428000018000603,-0.10919000208377838,0.9938110113143921,0,0,24.202720642089844,0,1,0.982653021812439,-0.10551100224256516,0.1525149941444397,0,0.0696600005030632,0.9721590280532837,0.2237280011177063,0,-0.1718740016222,-0.20922300219535828,0.9626449942588806,0,0,21.595645904541016,0,1,0.9173610210418701,-0.38977399468421936,-0.08077999949455261,0,0.38995999097824097,0.8392789959907532,0.3788689970970154,0,-0.07987699657678604,-0.3790610134601593,0.9219179749488831,0,2.165389060974121,2.1352429389953613,1.1744990348815918,1,0.9833769798278809,0.18153099715709686,0.003938999958336353,0,-0.18156099319458008,0.983331024646759,0.00977800041437149,0,-0.0020989999175071716,-0.010329999960958958,0.9999439716339111,0,0.43806299567222595,2.570949077606201,0,1,0.991694986820221,-0.12860499322414398,-0.0014979999978095293,0,0.12860499322414398,0.9916960000991821,-0.0002209999947808683,0,0.0015140000032261014,0.000025999999706982635,0.9999989867210388,0,-0.05206900089979172,3.059314012527466,0,1,0.9953020215034485,-0.09493699669837952,-0.01901799999177456,0,0.09597799926996231,0.9932910203933716,0.06451000273227692,0,0.012765999883413315,-0.06603199988603592,0.9977359771728516,0,2.5669829845428467,7.10499382019043,0.039441999047994614,1,0.9998990297317505,0.01413699984550476,0.0013340000296011567,0,-0.013911999762058258,0.9564390182495117,0.2916019856929779,0,0.0028470000252127647,-0.29159098863601685,0.9565389752388,0,-0.0010049999691545963,2.9493300914764404,0,1,0.9999889731407166,0.004712999798357487,0.0000470000013592653,0,-0.004712999798357487,0.9999889731407166,0,0,-0.0000470000013592653,0,1,0,-0.005537999793887138,2.8015708923339844,0,1,0.9978629946708679,-0.06426399946212769,-0.011855999939143658,0,0.06532499939203262,0.9761829972267151,0.20688000321388245,0,-0.0017219999572262168,-0.20721299946308136,0.9782940149307251,0,0.8360949754714966,7.262775897979736,-0.11012200266122818,1,0.9990620017051697,-0.04116100072860718,-0.01344200037419796,0,0.042281001806259155,0.8603820204734802,0.5078930258750916,0,-0.009340000338852406,-0.50798499584198,0.8613150119781494,0,0.009278000332415104,3.3110880851745605,0,1,0.9999939799308777,-0.0034179999493062496,0.00014099999680183828,0,0.0034179999493062496,0.9999939799308777,0,0,-0.00014099999680183828,0,1,0,-0.000048999998398358,3.1891069412231445,0,1,0.9990919828414917,0.010181999765336514,0.041370999068021774,0,-0.024157999083399773,0.9352309703826904,0.35321301221847534,0,-0.03509499877691269,-0.3538919985294342,0.9346280097961426,0,-0.9853349924087524,7.492674827575684,-0.018888000398874283,1,0.9969519972801208,-0.07533200085163116,-0.020305000245571136,0,0.07220900058746338,0.7923300266265869,0.6058040261268616,0,-0.029549000784754753,-0.6054239869117737,0.7953550219535828,0,0.0014959999825805426,2.8155078887939453,0,1,1,-0.0005579999997280538,0.000003999999989900971,0,0.0005579999997280538,1,0,0,-0.000003999999989900971,0,1,0,-0.00006299999949987978,2.7356839179992676,0,1,0.9967120289802551,0.054933998733758926,0.05955899879336357,0,-0.07390400022268295,0.9177070260047913,0.3903239965438843,0,-0.033215999603271484,-0.3934420049190521,0.9187489748001099,0,-2.417742967605591,7.441802978515625,0.09101399779319763,1,0.9881860017776489,-0.15006500482559204,-0.031134000048041344,0,0.1338520050048828,0.7461079955101013,0.6522319912910461,0,-0.07464800029993057,-0.6486939787864685,0.7573789954185486,0,-0.0007029999978840351,2.449320077896118,0,1,0.9999709725379944,0.007660000119358301,0.000097999996796716,0,-0.007660000119358301,0.9999709725379944,0,0,-0.000097999996796716,0,1,0,-0.006401999853551388,1.9660470485687256,0,1,-0.9604020118713379,-0.18858100473880768,0.20509900152683258,0,0.2595199942588806,-0.8733339905738831,0.41223299503326416,0,0.10137999802827835,0.44913700222969055,0.8876929879188538,0,6.62017822265625,-8.816845893859863,-0.4471830129623413,1,0.9634950160980225,-0.19249099493026733,-0.18607699871063232,0,0.04803700000047684,0.8080430030822754,-0.5871620178222656,0,0.2633819878101349,0.556788980960846,0.7877920269966125,0,-0.37225601077079773,36.18519973754883,0.08833999931812286,1,0.9962930083274841,-0.0740170031785965,-0.04384800046682358,0,0.0771000012755394,0.5420899987220764,0.8367760181427002,0,-0.03816600143909454,-0.8370540142059326,0.54578697681427,0,0,46.2630615234375,0,1,0.9994339942932129,-0.03281499817967415,0.007466999813914299,0,0.020016999915242195,0.7579839825630188,0.6519659757614136,0,-0.027055000886321068,-0.6514469981193542,0.7582110166549683,0,0,16.36859893798828,0,1,-0.935621976852417,0.24165000021457672,-0.25732699036598206,0,-0.2633279860019684,-0.9632570147514343,0.05286800116300583,0,-0.2350970059633255,0.1172259971499443,0.9648770093917847,0,-6.62017822265625,-8.816848754882812,-0.4471830129623413,1,0.9885519742965698,-0.05924399942159653,-0.13876500725746155,0,-0.031936999410390854,0.8166880011558533,-0.5761950016021729,0,0.14746400713920593,0.5740299820899963,0.8054460287094116,0,0.37211400270462036,36.18389892578125,0.4961569905281067,1,0.9744399785995483,0.21369099617004395,0.06929399818181992,0,-0.12602399289608002,0.2646450102329254,0.9560760259628296,0,0.18596699833869934,-0.9403719902038574,0.28481099009513855,0,0,46.25334930419922,0,1,0.9981420040130615,-0.001025000005029142,-0.06092999875545502,0,0.03897399827837944,0.7793610095977783,0.625361979007721,0,0.046845000237226486,-0.6265739798545837,0.7779520153999329,0,0,16.86341094970703,0,1
K0.033,0.7306860089302063,0.001291000167839229,0.6827120184898376,0,0.05223900452256203,0.9969609975814819,-0.057794004678726196,0,-0.6807119846343994,0.07789400219917297,0.7283980250358582,0,-0.10569585859775543,96.33152770996094,-0.8016320466995239,1,0.9967259764671326,-0.012385999783873558,-0.0798960030078888,0,0.01992500014603138,0.9953479766845703,0.0942630022764206,0,0.07835700362920761,-0.09554699808359146,0.9923359751701355,0,0,5.645720958709717,-0.031929001212120056,1,0.9861840009689331,-0.019536999985575676,-0.16449500620365143,0,0.05217500030994415,0.9791120290756226,0.19651299715042114,0,0.1572200059890747,-0.20238099992275238,0.9666039943695068,0,0,6.586782932281494,0,1,0.9861840009689331,-0.019536999985575676,-0.16449600458145142,0,0.05217500030994415,0.9791120290756226,0.19651299715042114,0,0.1572200059890747,-0.20238099992275238,0.9666039943695068,0,0,7.527753829956055,0,1,0.9997450113296509,0.004989997483789921,0.022045999765396118,0,-0.003460997948423028,0.9976209998130798,-0.06885599344968796,0,-0.02233700081706047,0.06876198947429657,0.9973829984664917,0,0,8.468717575073242,0,1,0.9372029900550842,-0.044468991458415985,-0.3459390103816986,0,0.006170996464788914,0.993798017501831,-0.1110299825668335,0,0.34873101115226746,0.10192298889160156,0.931663990020752,0,0,5.998900890350342,-1.1589570045471191,1,0.006732000038027763,0.025150999426841736,-0.9996610283851624,0,0.8989089727401733,-0.43810799717903137,-0.00496899988502264,0,-0.4380840063095093,-0.8985710144042969,-0.025558000430464745,0,3.4146649837493896,7.3433709144592285,-0.017399000003933907,1,0.9683579802513123,0.03238300234079361,0.24745500087738037,0,-0.19931599497795105,0.6970549821853638,0.6887580156326294,0,-0.1501850038766861,-0.7162860035896301,0.6814529895782471,0,0,7.189681053161621,0,1,0.6649529933929443,0.7384459972381592,-0.11196199804544449,0,-0.7403180003166199,0.6714940071105957,0.03202499821782112,0,0.09882999956607819,0.06159200146794319,0.9931960105895996,0,0,24.20357322692871,0,1,0.9574170112609863,-0.12408799678087234,-0.26068100333213806,0,0.03216800466179848,0.9431489706039429,-0.33080899715423584,0,0.2869099974632263,0.30833700299263,0.9069790244102478,0,0,21.59510040283203,0,1,0.903643012046814,0.3832100033760071,-0.19125701487064362,0,-0.2305239886045456,0.8115500211715698,0.5368840098381042,0,0.36095499992370605,-0.44106200337409973,0.8216909766197205,0,-2.1452620029449463,2.0982348918914795,1.1066800355911255,1,0.9822779893875122,0.18732500076293945,-0.006258999463170767,0,-0.1873989999294281,0.9821760058403015,-0.01459099818021059,0,0.00341400015167892,0.015505998395383358,0.9998739957809448,0,-0.442220002412796,2.5201809406280518,0,1,0.9916470050811768,0.12893900275230408,0.0031640001107007265,0,-0.12893900275230408,0.9916520118713379,-0.00046400001156143844,0,-0.0031969998963177204,0.00005200001032790169,0.9999949932098389,0,0.0500979982316494,3.105541944503784,0,1,0.9727770090103149,0.23131999373435974,0.01401199959218502,0,-0.23173700273036957,0.9714450240135193,0.05092700943350792,0,-0.00183199776802212,-0.052788011729717255,0.9986039996147156,0,-2.5610249042510986,7.100103855133057,0.048590000718832016,1,0.9999359846115112,-0.011291000060737133,-0.0001730000221868977,0,0.010878999717533588,0.9591220021247864,0.28278300166130066,0,-0.0030269999988377094,-0.28276699781417847,0.9591839909553528,0,-0.0005649999948218465,3.000096082687378,0,1,1,-0.00013899999612476677,0,0,0.00013899999612476677,1,0,0,0,0,1,0,0.00047400000039488077,2.748579978942871,0,1,0.9978989958763123,-0.05624999478459358,-0.03215400129556656,0,0.0622279979288578,0.9702730178833008,0.23387600481510162,0,0.018042000010609627,-0.23538599908351898,0.9717350006103516,0,-0.8249279856681824,7.382678985595703,-0.10472899675369263,1,0.9994120001792908,0.03301699832081795,0.009228000417351723,0,-0.034077998250722885,0.9274790287017822,0.37231799960136414,0,0.003734000027179718,-0.3724130094051361,0.9280589818954468,0,-0.0018939999863505363,3.379565954208374,0,1,0.9999949932098389,-0.0030320000369101763,0.000029000000722589903,0,0.0030320000369101763,0.9999949932098389,0,0,-0.000029000000722589903,0,1,0,0.005514000076800585,3.190788984298706,0,1,0.9887359738349915,-0.14238899946212769,-0.04611700028181076,0,0.14624199271202087,0.85350501537323,0.500141978263855,0,-0.03185399994254112,-0.5012519955635071,0.8647149801254272,0,0.8877620100975037,7.537540912628174,0.09635099768638611,1,0.9983130097389221,0.05675100162625313,0.012292000465095043,0,-0.05465099960565567,0.846763014793396,0.5291560292243958,0,0.019620999693870544,-0.5289350152015686,0.8484349846839905,0,-0.0042929998598992825,2.845231056213379,0,1,0.9999989867210388,0.0012730000307783484,-0.000050999999075429514,0,-0.0012730000307783484,0.9999989867210388,0,0,0.000050999999075429514,0,1,0,0.0007450000266544521,2.68100905418396,0,1,0.9764270186424255,-0.2062699943780899,-0.06358899921178818,0,0.20712700486183167,0.812487006187439,0.5449429750442505,0,-0.06074000149965286,-0.5452679991722107,0.8360589742660522,0,2.498189926147461,7.361748218536377,0.02872299961745739,1,0.9942290186882019,0.10631400346755981,0.014347000047564507,0,-0.09134499728679657,0.7688300013542175,0.6328949928283691,0,0.056255001574754715,-0.6305530071258545,0.7741050124168396,0,0.0005239999736659229,2.480185031890869,0,1,0.9999979734420776,-0.0018619999755173922,-0.00001700001121207606,0,0.0018619999755173922,0.9999979734420776,0,0,0.00001700001121207606,0,1,0,0.001382000045850873,1.9510979652404785,0,1,0.16443000733852386,-0.024329999461770058,0.9860889911651611,0,-0.8716149926185608,-0.47160398960113525,0.1337060034275055,0,0.4617899954319,-0.8814749717712402,-0.0987519919872284,0,-3.4146649837493896,7.343245983123779,0.004668999928981066,1,0.9084370136260986,0.4033379852771759,-0.10982299596071243,0,-0.22588799893856049,0.6947100162506104,0.6829000115394592,0,0.35173499584198,-0.5955640077590942,0.7222089767456055,0,0,7.189681053161621,0,1,0.7401289939880371,-0.6666920185089111,-0.08792099356651306,0,0.6721810102462769,0.7372649908065796,0.06792501360177994,0,0.019535981118679047,-0.10937301069498062,0.9938089847564697,0,0,24.202720642089844,0,1,0.9827579855918884,-0.10509399324655533,0.15212298929691315,0,0.06945499032735825,0.9723330140113831,0.22303397953510284,0,-0.17135398089885712,-0.2086229920387268,0.9628679752349854,0,0,21.595645904541016,0,1,0.9181020259857178,-0.3877590000629425,-0.08204400539398193,0,0.38871800899505615,0.8405249714851379,0.37738001346588135,0,-0.0773719921708107,-0.37836599349975586,0.9224169850349426,0,2.165389060974121,2.1352429389953613,1.1744990348815918,1,0.9833930134773254,0.18143001198768616,0.0046119992621243,0,-0.1814720183610916,0.9833329916000366,0.011112010106444359,0,-0.002518997061997652,-0.011764010414481163,0.9999279975891113,0,0.43806299567222595,2.570949077606201,0,1,0.991694986820221,-0.12860499322414398,-0.0014990000054240227,0,0.12860499322414398,0.9916960000991821,-0.00022099998022895306,0,0.0015140000032261014,0.000025999999706982635,0.9999989867210388,0,-0.05206900089979172,3.059314012527466,0,1,0.9952719807624817,-0.09523399919271469,-0.01905900053679943,0,0.09625899791717529,0.993353009223938,0.06312097609043121,0,0.012921001762151718,-0.06465698033571243,0.9978240132331848,0,2.5669829845428467,7.10499382019043,0.039441999047994614,1,0.9998990297317505,0.014122000895440578,0.0013300002319738269,0,-0.013898001052439213,0.9566220045089722,0.29100099205970764,0,0.0028379999566823244,-0.2909899950027466,0.9567220211029053,0,-0.0010049999691545963,2.9493300914764404,0,1,0.9999889731407166,0.004712999798357487,0.0000470000013592653,0,-0.004712999798357487,0.9999889731407166,0,0,-0.0000470000013592653,0,1,0,-0.005537999793887138,2.8015708923339844,0,1,0.9978770017623901,-0.0640449970960617,-0.011806999333202839,0,0.06509999930858612,0.97605299949646,0.20756399631500244,0,-0.0017689999658614397,-0.20789200067520142,0.9781500101089478,0,0.8360949754714966,7.262775897979736,-0.11012200266122818,1,0.9990649819374084,-0.04109799861907959,-0.013403999619185925,0,0.04221599921584129,0.8608840107917786,0.5070480108261108,0,-0.009298999793827534,-0.5071399807929993,0.861814022064209,0,0.009278000332415104,3.3110880851745605,0,1,0.9999939799308777,-0.0034179999493062496,0.00014099999680183828,0,0.0034179999493062496,0.9999939799308777,0,0,-0.00014099999680183828,0,1,0,-0.000048999998398358,3.1891069412231445,0,1,0.9990879893302917,0.010351002216339111,0.04142199829220772,0,-0.024334002286195755,0.9352210164070129,0.35322698950767517,0,-0.035082001239061356,-0.35391300916671753,0.9346200227737427,0,-0.9853349924087524,7.492674827575684,-0.018888000398874283,1,0.9969589710235596,-0.07525400072336197,-0.02024500072002411,0,0.07213400304317474,0.7928199768066406,0.6051719784736633,0,-0.02949099987745285,-0.6047919988632202,0.7958369851112366,0,0.0014959999825805426,2.8155078887939453,0,1,1,-0.0005590000073425472,0.000003999999989900971,0,0.0005590000073425472,1,0,0,-0.000003999999989900971,0,1,0,-0.00006299999949987978,2.7356839179992676,0,1,0.9967150092124939,0.05489400029182434,0.05954200029373169,0,-0.07386799901723862,0.9176179766654968,0.3905400037765503,0,-0.033197999000549316,-0.393655002117157,0.918658971786499,0,-2.417742967605591,7.441802978515625,0.09101399779319763,1,0.9881770014762878,-0.1501149982213974,-0.03117999993264675,0,0.1338929980993271,0.7458609938621521,0.6525059938430786,0,-0.07469499856233597,-0.6489660143852234,0.7571420073509216,0,-0.0007029999978840351,2.449320077896118,0,1,0.9999709725379944,0.007660000119358301,0.000097999996796716,0,-0.007660000119358301,0.9999709725379944,0,0,-0.000097999996796716,0,1,0,-0.006401999853551388,1.9660470485687256,0,1,-0.9603970050811768,-0.18861199915409088,0.20509099960327148,0,0.25946900248527527,-0.8736600279808044,0.4115760028362274,0,0.10155099630355835,0.44849100708961487,0.8880000114440918,0,6.62017822265625,-8.816845893859863,-0.4471830129623413,1,0.9635599851608276,-0.19211499392986298,-0.18612800538539886,0,0.047912001609802246,0.8085280060768127,-0.5865039825439453,0,0.26316601037979126,0.5562139749526978,0.7882699966430664,0,-0.37225601077079773,36.18519973754883,0.08833999931812286,1,0.9962760210037231,-0.0742259994149208,-0.043873000890016556,0,0.07725200057029724,0.5424249768257141,0.8365449905395508,0,-0.03829599916934967,-0.8368189930915833,0.5461390018463135,0,0,46.2630615234375,0,1,0.999439001083374,-0.032673995941877365,0.007299995515495539,0,0.020024999976158142,0.7581539750099182,0.6517680287361145,0,-0.026829995214939117,-0.6512560248374939,0.7583839893341064,0,0,16.36859893798828,0,1,-0.9355999827384949,0.2418140023946762,-0.2572520077228546,0,-0.2634280025959015,-0.9632430076599121,0.0526219978928566,0,-0.23507100343704224,0.11699999868869781,0.9649109840393066,0,-6.62017822265625,-8.816848754882812,-0.4471830129623413,1,0.9886000156402588,-0.05888299643993378,-0.13857200741767883,0,-0.03206200152635574,0.8169140219688416,-0.5758669972419739,0,0.1471100002527237,0.5737450122833252,0.8057140111923218,0,0.37211400270462036,36.18389892578125,0.4961569905281067,1,0.974498987197876,0.21342499554157257,0.06929299980401993,0,-0.12601900100708008,0.2650279998779297,0.9559699892997742,0,0.18566399812698364,-0.9403240084648132,0.285165011882782,0,0,46.25334930419922,0,1,0.9981409907341003,-0.001025000005029142,-0.06092999875545502,0,0.03897500038146973,0.7793610095977783,0.625361979007721,0,0.046845000237226486,-0.6265749931335449,0.7779520153999329,0,0,16.86341094970703,0,1
