2.033,30,60,65
B0,mixamorig_Hips,-1,0.9855145812034607,0.11381927132606506,-0.12548202276229858,0,-0.11387705057859421,0.9933539032936096,0.0060015409253537655,0,0.12540830671787262,0.008413515985012054,0.9919446706771851,0,2.265705108642578,93.55499267578125,-7.649646282196045,1
B1,mixamorig_Spine,0,0.9984878897666931,-0.0515579879283905,0.018354305997490883,0,0.05326603353023529,0.9925152063369751,-0.10979561507701874,0,-0.012553103268146515,0.11059850454330444,0.9937825202941895,0,0,10.36929988861084,-1.0242999792099,1
B2,mixamorig_Spine1,1,0.9966362118721008,-0.07027469575405121,0.0419098399579525,0,0.07108216732740402,0.9973039627075195,-0.018180279061198235,0,-0.04051891341805458,0.021096663549542427,0.998945415019989,0,0,12.156399726867676,0,1
B3,mixamorig_Spine2,2,0.9966565370559692,-0.06998666375875473,0.041919413954019547,0,0.0708131268620491,0.9973142147064209,-0.01867397502064705,0,-0.04049926623702049,0.021578090265393257,0.9989356994628906,0,0,13.892999649047852,0,1
B4,mixamorig_Neck,3,0.9965941309928894,0.08194831758737564,-0.009007365442812443,0,-0.08030756562948227,0.9895728826522827,0.11919388920068741,0,0.018693992868065834,-0.11806578189134598,0.992784321308136,0,0,15.629599571228027,0,1
B5,mixamorig_Head,4,0.9747939109802246,0.15626099705696106,-0.15899541974067688,0,-0.13731861114501953,0.9826334714889526,0.12419670075178146,0,0.17572352290153503,-0.09926579147577286,0.979354739189148,0,0,5.48330020904541,1.5434000492095947,1
B6,mixamorig_HeadTop_End,5,1,0,0,0,0,1,0,0,0,0,1,0,0,25.40130043029785,7.149700164794922,1
B7,mixamorig_LeftShoulder,3,0.00686115026473999,0.026765890419483185,-0.9996168613433838,0,0.9134318232536316,-0.40694600343704224,-0.0046303849667310715,0,-0.406913161277771,-0.913051962852478,-0.02724486216902733,0,6.321199893951416,13.84220027923584,-0.2069000005722046,1
B8,mixamorig_LeftArm,7,0.9408990144729614,-0.21226026117801666,0.26308342814445496,0,0.052115026861429214,0.859729528427124,0.5075417757034302,0,-0.33428284525871277,-0.46407607197761536,0.8201852440834045,0,0,13.3927001953125,0,1
B9,mixamorig_LeftForeArm,8,0.964357852935791,0.26432135701179504,0.007792843971401453,0,-0.2644346058368683,0.9640372395515442,0.024862661957740784,0,-0.0009323517442680895,-0.02603684552013874,0.9996604323387146,0,0,27.344999313354492,0,1
B10,mixamorig_LeftHand,9,0.7725354433059692,-0.012043741531670094,-0.633533239364624,0,0.19475290179252625,0.9551456570625305,0.22094859182834625,0,0.6023903489112854,-0.29358911514282227,0.740776777267456,0,0,23.056400299072266,0,1
B11,mixamorig_LeftHandThumb1,10,0.9236819744110107,0.37277698516845703,-0.0885939970612526,0,-0.32587799429893494,0.885919988155365,0.3300740122795105,0,0.20153099298477173,-0.27601200342178345,0.9397889971733093,0,-2.872999906539917,2.967400074005127,1.3085999488830566,1
B12,mixamorig_LeftHandThumb2,11,0.9993770122528076,0.03459100052714348,0.007069000042974949,0,-0.03469625487923622,0.9992790222167969,0.01540399994701147,0,-0.0065310001373291016,-0.015639251098036766,0.9998559951782227,0,-0.6026999950408936,3.413300037384033,0,1
B13,mixamorig_LeftHandThumb3,12,0.9897909760475159,0.1424880027770996,-0.003235999960452318,0,-0.14249125123023987,0.9888110160827637,-0.0441569983959198,0,-0.003092000028118491,0.04416799917817116,0.9990190267562866,0,0.052000001072883606,3.388000011444092,0,1
B14,mixamorig_LeftHandThumb4,13,1,0,0,0,0,1,0,0,0,0,1,0,0.5507000088691711,2.893199920654297,0,1
B15,mixamorig_LeftHandIndex1,10,0.9943230152130127,0.10639999806880951,-0.00019200000679120421,0,-0.10638225078582764,0.9941229820251465,-0.020069999620318413,0,-0.0019450000254437327,0.019975999370217323,0.9997990131378174,0,-3.5892999172210693,9.81760025024414,0.1607999950647354,1
B16,mixamorig_LeftHandIndex2,15,0.9999740123748779,-0.00725100003182888,-0.00024300000222865492,0,0.00725100003182888,0.9999740123748779,0,0,0.00024300000222865492,-9.999999974752427e-7,1,0,0.01810000091791153,3.3076999187469482,0,1
B17,mixamorig_LeftHandIndex3,16,0.9999949932098389,-0.0031147480476647615,0.0001880000054370612,0,0.0031147480476647615,0.9999949932098389,9.999999974752427e-7,0,-0.0001880000054370612,0,1,0,-0.005400000140070915,3.035399913787842,0,1
B18,mixamorig_LeftHandIndex4,17,1,0,0,0,0,1,0,0,0,0,1,0,-0.012799999676644802,2.615799903869629,0,1
B19,mixamorig_LeftHandMiddle1,10,0.9944279789924622,0.10541500151157379,-0.0003150000120513141,0,-0.10540000349283218,0.9942219853401184,-0.020347747951745987,0,-0.0018319999799132347,0.020267000421881676,0.9997929930686951,0,-1.028499960899353,10.135100364685059,-0.2045000046491623,1
B20,mixamorig_LeftHandMiddle2,19,0.9999709725379944,-0.0076430002227425575,-0.00011600000289035961,0,0.0076430002227425575,0.9999709725379944,0.00027799999224953353,0,0.0001140000022132881,-0.0002789999998640269,1,0,0.01549999974668026,3.486299991607666,0,1
B21,mixamorig_LeftHandMiddle3,20,0.9999989867210388,0.0013842519838362932,-0.00008099999831756577,0,-0.0013842519838362932,0.9999989867210388,0,0,0.00008099999831756577,0,1,0,-0.010300000198185444,3.2600998878479004,0,1
B22,mixamorig_LeftHandMiddle4,21,1,0,0,0,0,1,0,0,0,0,1,0,-0.005200000014156103,2.9296000003814697,0,1
B23,mixamorig_LeftHandRing1,10,0.9949010014533997,0.09984400123357773,0.014286748133599758,0,-0.09954900294542313,0.9948310256004333,-0.02005000039935112,0,-0.016214748844504356,0.018526000902056694,0.9996970295906067,0,1.1486999988555908,10.207799911499023,-0.2809999883174896,1
B24,mixamorig_LeftHandRing2,23,1,-0.00037200000951997936,0.00002099999983329326,0,0.00037200000951997936,1,0,0,-0.00002099999983329326,0,1,0,-0.004000000189989805,2.86080002784729,0,1
B25,mixamorig_LeftHandRing3,24,0.9999840259552002,0.00559200020506978,0.00020199999562464654,0,-0.00559200020506978,0.9999840259552002,-9.999999974752427e-7,0,-0.00020199999562464654,0,1,0,-0.004900000058114529,2.768399953842163,0,1
B26,mixamorig_LeftHandRing4,25,1,0,0,0,0,1,0,0,0,0,1,0,0.008899999782443047,2.3282999992370605,0,1
B27,mixamorig_LeftHandPinky1,10,0.9993529915809631,0.03567099943757057,0.004558748099952936,0,-0.03551800176501274,0.99891597032547,-0.030072251334786415,0,-0.005625999998301268,0.0298909991979599,0.9995369911193848,0,3.469099998474121,9.014800071716309,0.09000000357627869,1
B28,mixamorig_LeftHandPinky2,27,0.9980069994926453,0.06310400366783142,0.00010399999882793054,0,-0.06310199946165085,0.9979550242424011,0.010239251889288425,0,0.0005427480209618807,-0.010225252248346806,0.9999480247497559,0,0.013500000350177288,2.674999952316284,0,1
B29,mixamorig_LeftHandPinky3,28,0.9999979734420776,-0.0017509999452158809,0.000029000000722589903,0,0.0017509999452158809,0.9999979734420776,0,0,-0.000029000000722589903,0,1,0,-0.005499999970197678,2.3036000728607178,0,1
B30,mixamorig_LeftHandPinky4,29,1,0,0,0,0,1,0,0,0,0,1,0,-0.00800000037997961,1.9332000017166138,0,1
B31,mixamorig_RightShoulder,3,-0.14725078642368317,-0.0019036757294088602,0.9890970587730408,0,-0.9321484565734863,-0.33415403962135315,-0.13941627740859985,0,0.33077606558799744,-0.9425146579742432,0.04743066430091858,0,-6.321199893951416,13.836299896240234,-0.1467999964952469,1
B32,mixamorig_RightArm,31,0.8514364957809448,-0.1589706540107727,-0.49887385964393616,0,-0.04394553601741791,0.9269108176231384,-0.3705269992351532,0,0.5211041569709778,0.33775433897972107,0.7833571434020996,0,0,13.3927001953125,0,1
B33,mixamorig_RightForeArm,32,0.9967898726463318,-0.07989918440580368,-0.004841943737119436,0,0.07993293553590775,0.9967726469039917,0.007222043816000223,0,0.004248559940606356,-0.0075865075923502445,0.9999625086784363,0,0,27.351600646972656,0,1
B34,mixamorig_RightHand,33,0.6704266667366028,-0.3581081032752991,0.6493225693702698,0,0.20436501502990723,0.9310352802276611,0.30176272988319397,0,-0.7125893235206604,-0.06975369900465012,0.6974099278450012,0,0,23.05459976196289,0,1
B35,mixamorig_RightHandThumb1,34,0.9248128533363342,-0.3710424304008484,0.08396115154027939,0,0.3281804025173187,0.8897609710693359,0.3172106146812439,0,-0.19240355491638184,-0.26580557227134705,0.9446313977241516,0,2.896399974822998,3.0095999240875244,1.3174999952316284,1
B36,mixamorig_RightHandThumb2,35,0.9995160102844238,-0.0302520003169775,-0.007205999922007322,0,0.030438000336289406,0.9991649985313416,0.02726300060749054,0,0.0063749998807907104,-0.027468999847769737,0.9996020197868347,0,0.6165000200271606,3.449199914932251,0,1
B37,mixamorig_RightHandThumb3,36,0.985863983631134,-0.16749000549316406,-0.004480000119656324,0,0.16713100671768188,0.9849370121955872,-0.04434699937701225,0,0.011839999817311764,0.04297100007534027,0.9990059733390808,0,-0.07800000160932541,3.388700008392334,0,1
B38,mixamorig_RightHandThumb4,37,1,0,0,0,0,1,0,0,0,0,1,0,-0.5383999943733215,2.838399887084961,0,1
B39,mixamorig_RightHandIndex1,34,0.9944559931755066,-0.10515142977237701,0.00034524398506619036,0,0.10512842983007431,0.9941614866256714,-0.024294236674904823,0,0.0022116999607533216,0.02419573813676834,0.9997044801712036,0,3.58489990234375,9.87399959564209,0.15649999678134918,1
B40,mixamorig_RightHandIndex2,39,0.9999560117721558,0.00942699983716011,0.00004400000034365803,0,-0.00942699983716011,0.9999560117721558,0,0,-0.00004400000034365803,-9.999999974752427e-7,1,0,-0.016300000250339508,3.2314999103546143,0,1
B41,mixamorig_RightHandIndex3,40,0.9999949932098389,-0.0032889998983591795,0.00012799999967683107,0,0.0032889998983591795,0.9999949932098389,0,0,-0.00012799999967683107,0,1,0,0.013399999588727951,3.0573999881744385,0,1
B42,mixamorig_RightHandIndex4,41,1,0,0,0,0,1,0,0,0,0,1,0,0.002899999963119626,2.6512999534606934,0,1
B43,mixamorig_RightHandMiddle1,34,0.994553804397583,-0.10422518104314804,-0.0001345040072919801,0,0.10419142991304398,0.9942604899406433,-0.024296235293149948,0,0.0026657001581043005,0.024149738252162933,0.9997044801712036,0,1.0056999921798706,9.994999885559082,-0.24220000207424164,1
B44,mixamorig_RightHandMiddle2,43,0.9999579787254333,0.00911100022494793,-0.00007599999662488699,0,-0.00911100022494793,0.9999579787254333,2.520004898087791e-7,0,0.00007599999662488699,0,1,0,-0.014399999752640724,3.5109000205993652,0,1
B45,mixamorig_RightHandMiddle3,44,0.999983012676239,-0.005821251776069403,0.00022400000307243317,0,0.005821251776069403,0.999983012676239,0,0,-0.00022400000307243317,9.999999974752427e-7,1,0,0.01679999940097332,3.3538999557495117,0,1
B46,mixamorig_RightHandMiddle4,45,1,0,0,0,0,1,0,0,0,0,1,0,-0.002400000113993883,2.953900098800659,0,1
B47,mixamorig_RightHandRing1,34,0.9950690269470215,-0.0981784239411354,-0.014110252261161804,0,0.09781843423843384,0.9949085116386414,-0.024263236671686172,0,0.016420699656009674,0.022763486951589584,0.9996057748794556,0,-1.138800024986267,10.1673002243042,-0.31459999084472656,1
B48,mixamorig_RightHandRing2,47,0.9999989867210388,0.001719251973554492,-0.0001289999927394092,0,-0.001719251973554492,0.9999989867210388,0.0000017560014384798706,0,0.0001289999927394092,-0.0000017560014384798706,1,0,0.006599999964237213,2.8643999099731445,0,1
B49,mixamorig_RightHandRing3,48,0.9999300241470337,-0.011831999756395817,-0.0005579999997280538,0,0.011831999756395817,0.9999300241470337,-0.000003999999989900971,0,0.0005579999997280538,-0.0000019999999949504854,1,0,0.01119999960064888,2.7836999893188477,0,1
B50,mixamorig_RightHandRing4,49,1,0,0,0,0,1,0,0,0,0,1,0,-0.017799999564886093,2.279400110244751,0,1
B51,mixamorig_RightHandPinky1,34,0.9942570328712463,-0.10697292536497116,-0.0029887559358030558,0,0.10686942934989929,0.9939755201339722,-0.02431623637676239,0,0.005572448018938303,0.023857487365603447,0.9996994733810425,0,-3.4518001079559326,9.111100196838379,0.11490000039339066,1
B52,mixamorig_RightHandPinky2,51,0.9999480247497559,0.010211000218987465,0.0003110000106971711,0,-0.010211000218987465,0.9999480247497559,-9.999999974752427e-7,0,-0.0003110000106971711,-0.0000019999999949504854,1,0,-0.017999999225139618,2.6489999294281006,0,1
B53,mixamorig_RightHandPinky3,52,0.9999979734420776,0.0019890000112354755,-0.00008299999899463728,0,-0.0019890000112354755,0.9999979734420776,2.520004898087791e-7,0,0.00008299999899463728,-2.520004898087791e-7,1,0,0.007799999788403511,2.283099889755249,0,1
B54,mixamorig_RightHandPinky4,53,1,0,0,0,0,1,0,0,0,0,1,0,0.010300000198185444,1.9055999517440796,0,1
B55,mixamorig_LeftUpLeg,0,-0.9419615268707275,-0.26140356063842773,0.20916995406150818,0,0.2638818621635437,-0.9631977677345276,-0.014571924693882465,0,0.20444686710834503,0.041126690804958344,0.9770871996879578,0,8.932900428771973,-5.757400035858154,-1.0821000337600708,1
B56,mixamorig_LeftLeg,55,0.9814311861991882,0.07320080697536469,0.17697125673294067,0,0.03850783407688141,0.8286370038986206,-0.5575088858604431,0,-0.18772418797016144,0.5540377497673035,0.8104094862937927,0,0,40.515499114990234,0,1
B57,mixamorig_LeftFoot,56,0.9497717022895813,0.03107554279267788,0.3102114498615265,0,-0.2336030900478363,0.7273669242858887,0.6430990099906921,0,-0.20692381262779236,-0.6838858127593994,0.6981244087219238,0,0,37.743099212646484,0,1
B58,mixamorig_LeftToeBase,57,0.9879475831985474,-0.09555985778570175,0.12162347137928009,0,-0.050578780472278595,0.5435461401939392,0.8378518223762512,0,-0.14617155492305756,-0.8339099287986755,0.532157838344574,0,0,20.044099807739258,0,1
B59,mixamorig_LeftToe_End,58,1,0,0,0,0,1,0,0,0,0,1,0,0,7.662399768829346,0,1
B60,mixamorig_RightUpLeg,0,-0.9750349521636963,-0.1905486136674881,-0.11348676681518555,0,0.13999955356121063,-0.9252483248710632,0.35101792216300964,0,-0.17157529294490814,0.3264591097831726,0.9289782643318176,0,-8.932900428771973,-5.757400035858154,-0.8281000256538391,1
B61,mixamorig_RightLeg,60,0.9877314567565918,-0.007568516302853823,-0.15597471594810486,0,-0.02850949577987194,0.9732981324195862,-0.22775758802890778,0,0.15353424847126007,0.22941003739833832,0.9611415863037109,0,0,40.53129959106445,0,1
B62,mixamorig_RightFoot,61,0.775479257106781,-0.44824376702308655,-0.44453734159469604,0,0.6280834674835205,0.47877633571624756,0.6131840944290161,0,-0.062067240476608276,-0.7546789646148682,0.65290766954422,0,0,37.73590087890625,0,1
B63,mixamorig_RightToeBase,62,0.9997260570526123,0.0008112559444271028,-0.02338252030313015,0,0.014277903363108635,0.7705885171890259,0.6371703147888184,0,0.018534712493419647,-0.6373291015625,0.7703660130500793,0,0,19.978700637817383,0,1
B64,mixamorig_RightToe_End,63,1,0,0,0,0,1,0,0,0,0,1,0,0,7.69980001449585,0,1
@52,0,1,2,3,4,5,7,8,9,10,11,12,13,15,16,17,19,20,21,23,24,25,27,28,29,31,32,33,34,35,36,37,39,40,41,43,44,45,47,48,49,51,52,53,55,56,57,58,60,61,62,63
K0.000,0.985256016254425,0.11926300078630447,0.12266699969768524,0,-0.10631799697875977,0.9885410070419312,-0.10716299712657928,0,-0.13404199481010437,0.09254100173711777,0.986644983291626,0,-0.8417289853096008,93.38845825195312,0.7104960083961487,1,0.9981369972229004,-0.058490999042987823,-0.01738700084388256,0,0.05671999976038933,0.9944049715995789,-0.08911100029945374,0,0.022501999512314796,0.08795899897813797,0.9958699941635132,0,0,10.36929988861084,-1.0242999792099,1,0.9964529871940613,-0.07175000011920929,-0.04396799951791763,0,0.0724089965224266,0.9972829818725586,0.013578999787569046,0,0.04287400096654892,-0.016714999452233315,0.9989410042762756,0,0,12.156399726867676,0,1,0.9964650273323059,-0.07151799649000168,-0.04408299922943115,0,0.07219500094652176,0.9972929954528809,0.013957000337541103,0,0.042966000735759735,-0.017090000212192535,0.9989299774169922,0,0,13.892999649047852,0,1,0.9973610043525696,0.07201900333166122,-0.009197000414133072,0,-0.06984599679708481,0.9863280057907104,0.14925900101661682,0,0.019819999113678932,-0.14822199940681458,0.9887549877166748,0,0,15.629599571228027,0,1,0.9759619832038879,0.16788199543952942,-0.13897199928760529,0,-0.14526499807834625,0.9764620065689087,0.15943899750709534,0,0.16246800124645233,-0.13541899621486664,0.9773769974708557,0,0,5.48330020904541,1.5434000492095947,1,-0.033590998500585556,0.020824000239372253,-0.9992190003395081,0,0.9402049779891968,-0.3384090065956116,-0.038658998906612396,0,-0.3389489948749542,-0.9407690167427063,-0.008212000131607056,0,6.321199893951416,13.84220027923584,-0.2069000005722046,1,0.9362660050392151,-0.16750900447368622,0.30878201127052307,0,0.05648000165820122,0.9393360018730164,0.33831700682640076,0,-0.34672099351882935,-0.2993150055408478,0.888929009437561,0,0,13.3927001953125,0,1,0.9107279777526855,0.41280800104141235,0.012834999710321426,0,-0.4129840135574341,0.9099100232124329,0.03882899880409241,0,0.004350000061094761,-0.04066300019621849,0.9991629719734192,0,0,27.344999313354492,0,1,0.663237988948822,0.08233600109815598,-0.7438660264015198,0,0.02145100012421608,0.9914299845695496,0.12886300683021545,0,0.748100996017456,-0.1014230027794838,0.655788004398346,0,0,23.056400299072266,0,1,0.9236819744110107,0.37277698516845703,-0.0885939970612526,0,-0.32587799429893494,0.885919988155365,0.3300740122795105,0,0.20153099298477173,-0.27601200342178345,0.9397879838943481,0,-2.872999906539917,2.967400074005127,1.3085999488830566,1,0.9993770122528076,0.03459100052714348,0.007069000042974949,0,-0.034696999937295914,0.9992790222167969,0.01540399994701147,0,-0.0065310001373291016,-0.015639999881386757,0.9998559951782227,0,-0.6026999950408936,3.413300037384033,0,1,0.9897909760475159,0.1424880027770996,-0.003235999960452318,0,-0.14249199628829956,0.9888110160827637,-0.0441569983959198,0,-0.003092000028118491,0.04416700080037117,0.9990190267562866,0,0.052000001072883606,3.388000011444092,0,1,0.9943230152130127,0.10639999806880951,-0.00019200000679120421,0,-0.10638199746608734,0.9941229820251465,-0.020068999379873276,0,-0.0019440000178292394,0.019975999370217323,0.9997990131378174,0,-3.5892999172210693,9.81760025024414,0.1607999950647354,1,0.9999740123748779,-0.00725100003182888,-0.00024300000222865492,0,0.00725100003182888,0.9999740123748779,0,0,0.00024300000222865492,0,1,0,0.01810000091791153,3.3076999187469482,0,1,0.9999949932098389,-0.0031139999628067017,0.0001880000054370612,0,0.0031139999628067017,0.9999949932098389,0,0,-0.0001880000054370612,0,1,0,-0.005400000140070915,3.035399913787842,0,1,0.9944279789924622,0.10541500151157379,-0.0003150000120513141,0,-0.10540000349283218,0.9942219853401184,-0.020346999168395996,0,-0.0018319999799132347,0.020267000421881676,0.9997929930686951,0,-1.028499960899353,10.135100364685059,-0.2045000046491623,1,0.9999709725379944,-0.0076430002227425575,-0.00011600000289035961,0,0.0076430002227425575,0.9999709725379944,0.00027799999224953353,0,0.0001140000022132881,-0.0002789999998640269,1,0,0.01549999974668026,3.486299991607666,0,1,0.9999989867210388,0.0013849999522790313,-0.00008099999831756577,0,-0.0013849999522790313,0.9999989867210388,0,0,0.00008099999831756577,0,1,0,-0.010300000198185444,3.2600998878479004,0,1,0.9949010014533997,0.09984400123357773,0.014286999590694904,0,-0.09954900294542313,0.9948310256004333,-0.02005000039935112,0,-0.016215000301599503,0.018526000902056694,0.9996970295906067,0,1.1486999988555908,10.207799911499023,-0.2809999883174896,1,1,-0.00037200000951997936,0.00002099999983329326,0,0.00037200000951997936,1,0,0,-0.00002099999983329326,0,1,0,-0.004000000189989805,2.86080002784729,0,1,0.9999840259552002,0.00559200020506978,0.00020199999562464654,0,-0.00559200020506978,0.9999840259552002,0,0,-0.00020199999562464654,0,1,0,-0.004900000058114529,2.768399953842163,0,1,0.9993529915809631,0.03567099943757057,0.004557999782264233,0,-0.03551900014281273,0.99891597032547,-0.03007199987769127,0,-0.005625999998301268,0.0298909991979599,0.9995369911193848,0,3.469099998474121,9.014800071716309,0.09000000357627869,1,0.9980069994926453,0.06310400366783142,0.00010399999882793054,0,-0.06310199946165085,0.9979550242424011,0.01023900043219328,0,0.0005419999943114817,-0.010224999859929085,0.9999480247497559,0,0.013500000350177288,2.674999952316284,0,1,0.9999979734420776,-0.0017509999452158809,0.000029000000722589903,0,0.0017509999452158809,0.9999979734420776,0,0,-0.000029000000722589903,0,1,0,-0.005499999970197678,2.3036000728607178,0,1,-0.12643299996852875,-0.004889000207185745,0.9919630289077759,0,-0.9305679798126221,-0.3457860052585602,-0.12031199783086777,0,0.3435949981212616,-0.9383010268211365,0.03916899859905243,0,-6.321199893951416,13.836299896240234,-0.1467999964952469,1,0.6633049845695496,-0.6140409708023071,-0.4277620017528534,0,0.4821999967098236,0.7878199815750122,-0.38317400217056274,0,0.572284996509552,0.04789400100708008,0.8186550140380859,0,0,13.3927001953125,0,1,0.996990978717804,-0.0773639976978302,-0.00482300017029047,0,0.07739699631929398,0.9969760179519653,0.00699299992993474,0,0.004267999902367592,-0.0073449998162686825,0.9999639987945557,0,0,27.351600646972656,0,1,0.7344819903373718,-0.27220699191093445,0.621641993522644,0,0.30703601241111755,0.9502040147781372,0.05330999940633774,0,-0.6051980257034302,0.15171100199222565,0.7814850211143494,0,0,23.05459976196289,0,1,0.8918349742889404,-0.4419519901275635,0.09648499637842178,0,0.40050798654556274,0.8705919981002808,0.2857680022716522,0,-0.2102939933538437,-0.21621499955654144,0.9534289836883545,0,2.896399974822998,3.0095999240875244,1.3174999952316284,1,0.9995160102844238,-0.0302520003169775,-0.007205999922007322,0,0.030438000336289406,0.9991649985313416,0.027262000367045403,0,0.0063749998807907104,-0.027468999847769737,0.9996020197868347,0,0.6165000200271606,3.449199914932251,0,1,0.985863983631134,-0.16748900711536407,-0.004480000119656324,0,0.1671299934387207,0.9849370121955872,-0.04434699937701225,0,0.011839999817311764,0.04297100007534027,0.9990059733390808,0,-0.07800000160932541,3.388700008392334,0,1,0.9938030242919922,-0.11114999651908875,0.0008539999835193157,0,0.11094199866056442,0.9914180040359497,-0.06915699690580368,0,0.006839999929070473,0.06882300227880478,0.99760502576828,0,3.58489990234375,9.87399959564209,0.15649999678134918,1,0.9999560117721558,0.00942699983716011,0.00004400000034365803,0,-0.00942699983716011,0.9999560117721558,0,0,-0.00004400000034365803,0,1,0,-0.016300000250339508,3.2314999103546143,0,1,0.9999949932098389,-0.0032889998983591795,0.00012799999967683107,0,0.0032889998983591795,0.9999949932098389,0,0,-0.00012799999967683107,0,1,0,0.013399999588727951,3.0573999881744385,0,1,0.9939039945602417,-0.11024600267410278,0.0003330000035930425,0,0.11000499874353409,0.9915220141410828,-0.06915900111198425,0,0.007294000126421452,0.06877399981021881,0.9976059794425964,0,1.0056999921798706,9.994999885559082,-0.24220000207424164,1,0.9999579787254333,0.009109999984502792,-0.00007599999662488699,0,-0.009109999984502792,0.9999579787254333,0,0,0.00007599999662488699,0,1,0,-0.014399999752640724,3.5109000205993652,0,1,0.999983012676239,-0.005820999853312969,0.00022400000307243317,0,0.005820999853312969,0.999983012676239,0,0,-0.00022400000307243317,0,1,0,0.01679999940097332,3.3538999557495117,0,1,0.994392991065979,-0.10483299940824509,-0.013900999911129475,0,0.10363700240850449,0.9922099709510803,-0.06912799924612045,0,0.021040000021457672,0.06729999929666519,0.9975110292434692,0,-1.138800024986267,10.1673002243042,-0.31459999084472656,1,0.9999989867210388,0.0017190000507980585,-0.0001289999927394092,0,-0.0017190000507980585,0.9999989867210388,0,0,0.0001289999927394092,0,1,0,0.006599999964237213,2.8643999099731445,0,1,0.9999300241470337,-0.011831999756395817,-0.0005579999997280538,0,0.011831999756395817,0.9999300241470337,-0.000003999999989900971,0,0.0005579999997280538,-0.0000019999999949504854,1,0,0.01119999960064888,2.7836999893188477,0,1,0.9935789704322815,-0.11311700195074081,-0.002394000068306923,0,0.11268199980258942,0.9912199974060059,-0.06917800009250641,0,0.010197999887168407,0.0684640035033226,0.9976009726524353,0,-3.4518001079559326,9.111100196838379,0.11490000039339066,1,0.9999480247497559,0.010211000218987465,0.0003110000106971711,0,-0.010211000218987465,0.9999480247497559,0,0,-0.0003110000106971711,-0.000003000000106112566,1,0,-0.017999999225139618,2.6489999294281006,0,1,0.9999979734420776,0.0019890000112354755,-0.00008299999899463728,0,-0.0019890000112354755,0.9999979734420776,0,0,0.00008299999899463728,0,1,0,0.007799999788403511,2.283099889755249,0,1,-0.9730449914932251,-0.12431800365447998,0.194240003824234,0,0.19623400270938873,-0.8887860178947449,0.41418901085853577,0,0.12114699929952621,0.4411410093307495,0.8892239928245544,0,8.932900428771973,-5.757400035858154,-1.0821000337600708,1,0.9889619946479797,0.029089000076055527,0.14528299868106842,0,0.036389999091625214,0.9028199911117554,-0.4284760057926178,0,-0.14362800121307373,0.4290339946746826,0.8917970061302185,0,0,40.515499114990234,0,1,0.9603840112686157,0.20445500314235687,0.18936799466609955,0,-0.26802000403404236,0.8637790083885193,0.4266749918460846,0,-0.07633700221776962,-0.4605259895324707,0.8843579888343811,0,0,37.743099212646484,0,1,0.999288022518158,-0.006467999890446663,0.03716199845075607,0,-0.02112399972975254,0.7202439904212952,0.6933990120887756,0,-0.03125099837779999,-0.6936910152435303,0.7195950150489807,0,0,20.044099807739258,0,1,-0.9665650129318237,-0.23483599722385406,-0.10297700017690659,0,0.21495099365711212,-0.9610059857368469,0.17396700382232666,0,-0.13981500267982483,0.14601600170135498,0.9793519973754883,0,-8.932900428771973,-5.757400035858154,-0.8281000256538391,1,0.9863590002059937,-0.026259999722242355,-0.16250300407409668,0,-0.03477500006556511,0.9316719770431519,-0.3616330027580261,0,0.16089600324630737,0.3623510003089905,0.9180489778518677,0,0,40.53129959106445,0,1,0.8390660285949707,-0.3696880042552948,-0.3991219997406006,0,0.5263720154762268,0.3662790060043335,0.7673149704933167,0,-0.13747599720954895,-0.8539149761199951,0.5019260048866272,0,0,37.73590087890625,0,1,0.9996330142021179,0.0017819999484345317,-0.02702300064265728,0,0.016548000276088715,0.749705970287323,0.6615650057792664,0,0.021438000723719597,-0.6617689728736877,0.7494009733200073,0,0,19.978700637817383,0,1
K0.033,0.964894711971283,0.14805223047733307,0.21692988276481628,0,-0.12246706336736679,0.9843069314956665,-0.12705020606517792,0,-0.2323359251022339,0.0960240364074707,0.9678837060928345,0,-1.0241355895996094,93.68974304199219,2.369194269180298,1,0.997340977191925,-0.06885708123445511,-0.023881077766418457,0,0.06659507751464844,0.9941359758377075,-0.08519496023654938,0,0.029607079923152924,0.08337894827127457,0.9960780143737793,0,0,10.36929988861084,-1.0242999792099,1,0.9952729940414429,-0.07556601613759995,-0.061007194221019745,0,0.07685302197933197,0.9968609809875488,0.01903705671429634,0,0.05937718600034714,-0.023636072874069214,0.9979559779167175,0,0,12.156399726867676,0,1,0.9952880144119263,-0.07518701255321503,-0.06121819466352463,0,0.0765090212225914,0.9968770146369934,0.019546058028936386,0,0.059558190405368805,-0.02413807436823845,0.9979329705238342,0,0,13.892999649047852,0,1,0.9975299835205078,0.0684339627623558,-0.01580205000936985,0,-0.06544695794582367,0.9873449802398682,0.14445197582244873,0,0.02548804320394993,-0.14306096732616425,0.9893860220909119,0,0,15.629599571228027,0,1,0.9729310274124146,0.16180993616580963,-0.16499319672584534,0,-0.13791793584823608,0.9794340133666992,0.14726689457893372,0,0.1854291707277298,-0.12052488327026367,0.975238025188446,0,0,5.48330020904541,1.5434000492095947,1,-0.052492186427116394,0.014182920567691326,-0.9985209703445435,0,0.9514951109886169,-0.30282965302467346,-0.054321158677339554,0,-0.3031526505947113,-0.9529390931129456,0.002401106059551239,0,6.321199893951416,13.84220027923584,-0.2069000005722046,1,0.9305599331855774,-0.10466137528419495,0.3508622646331787,0,0.02151471935212612,0.9722481966018677,0.23295894265174866,0,-0.3655071556568146,-0.2092331051826477,0.9069871306419373,0,0,13.3927001953125,0,1,0.8918190002441406,0.45215606689453125,0.01461300253868103,0,-0.45234906673431396,0.8908259868621826,0.04253000393509865,0,0.006213002372533083,-0.04453900456428528,0.9989879727363586,0,0,27.344999313354492,0,1,0.6692408919334412,0.012603539042174816,-0.7429381012916565,0,0.1267380565404892,0.9832677841186523,0.13084730505943298,0,0.7321568131446838,-0.18172699213027954,0.6564458012580872,0,0,23.056400299072266,0,1,0.9236819744110107,0.37277698516845703,-0.0885939970612526,0,-0.32587799429893494,0.885919988155365,0.3300740122795105,0,0.20153099298477173,-0.27601200342178345,0.9397889971733093,0,-2.872999906539917,2.967400074005127,1.3085999488830566,1,0.9993770122528076,0.03459100052714348,0.007069000042974949,0,-0.034696999937295914,0.9992790222167969,0.01540399994701147,0,-0.0065310001373291016,-0.015639999881386757,0.9998559951782227,0,-0.6026999950408936,3.413300037384033,0,1,0.9897909760475159,0.1424880027770996,-0.003235999960452318,0,-0.14249099791049957,0.9888110160827637,-0.0441569983959198,0,-0.003092000028118491,0.04416700080037117,0.9990190267562866,0,0.052000001072883606,3.388000011444092,0,1,0.9943230152130127,0.10639999806880951,-0.00019200000679120421,0,-0.10638199746608734,0.9941229820251465,-0.020068999379873276,0,-0.0019440000178292394,0.019975999370217323,0.9997990131378174,0,-3.5892999172210693,9.81760025024414,0.1607999950647354,1,0.9999740123748779,-0.00725100003182888,-0.00024300000222865492,0,0.00725100003182888,0.9999740123748779,0,0,0.00024300000222865492,-0.0000010000100019169622,1,0,0.01810000091791153,3.3076999187469482,0,1,0.9999949932098389,-0.0031139999628067017,0.0001880000054370612,0,0.0031139999628067017,0.9999949932098389,0,0,-0.0001880000054370612,0,1,0,-0.005400000140070915,3.035399913787842,0,1,0.9944279789924622,0.10541500151157379,-0.0003150000120513141,0,-0.1053989976644516,0.9942219853401184,-0.020346999168395996,0,-0.0018319999799132347,0.020267000421881676,0.9997929930686951,0,-1.028499960899353,10.135100364685059,-0.2045000046491623,1,0.9999709725379944,-0.0076430002227425575,-0.00011600000289035961,0,0.0076430002227425575,0.9999709725379944,0.00027799999224953353,0,0.0001140000022132881,-0.0002789999998640269,1,0,0.01549999974668026,3.486299991607666,0,1,0.9999989867210388,0.001383999944664538,-0.00008099999831756577,0,-0.001383999944664538,0.9999989867210388,0,0,0.00008099999831756577,0,1,0,-0.010300000198185444,3.2600998878479004,0,1,0.9949010014533997,0.09984400123357773,0.014286999590694904,0,-0.09954900294542313,0.9948310256004333,-0.02005000039935112,0,-0.016215000301599503,0.018526000902056694,0.9996970295906067,0,1.1486999988555908,10.207799911499023,-0.2809999883174896,1,1,-0.00037200000951997936,0.00002099999983329326,0,0.00037200000951997936,1,0.0000019999799860670464,0,-0.00002099999983329326,-0.0000019999799860670464,1,0,-0.004000000189989805,2.86080002784729,0,1,0.9999840259552002,0.00559299997985363,0.00020199999562464654,0,-0.00559299997985363,0.9999840259552002,0,0,-0.00020199999562464654,0,1,0,-0.004900000058114529,2.768399953842163,0,1,0.9993529915809631,0.03567099943757057,0.00455900002270937,0,-0.03551800176501274,0.99891597032547,-0.03007199987769127,0,-0.005625999998301268,0.029890000820159912,0.9995369911193848,0,3.469099998474121,9.014800071716309,0.09000000357627869,1,0.9980069994926453,0.06310400366783142,0.00010399999882793054,0,-0.06310199946165085,0.9979550242424011,0.01023900043219328,0,0.0005419999943114817,-0.010224999859929085,0.9999480247497559,0,0.013500000350177288,2.674999952316284,0,1,0.9999979734420776,-0.0017509999452158809,0.000029000000722589903,0,0.0017509999452158809,0.9999979734420776,0,0,-0.000029000000722589903,0,1,0,-0.005499999970197678,2.3036000728607178,0,1,-0.1222829595208168,-0.005123000126332045,0.9924820065498352,0,-0.9314669966697693,-0.3446529805660248,-0.11654496192932129,0,0.34265896677970886,-0.9387159943580627,0.03737398609519005,0,-6.321199893951416,13.836299896240234,-0.1467999964952469,1,0.5984873175621033,-0.6893916726112366,-0.408107727766037,0,0.5499145984649658,0.7239623069763184,-0.41650035977363586,0,0.5825870633125305,0.024845847859978676,0.8123889565467834,0,0,13.3927001953125,0,1,0.9974939823150635,-0.07059595733880997,-0.004777999594807625,0,0.07062595337629318,0.9974820017814636,0.006380996201187372,0,0.004316000267863274,-0.0067029958590865135,0.9999679923057556,0,0,27.351600646972656,0,1,0.7572431564331055,-0.14821171760559082,0.6360939145088196,0,0.2159869223833084,0.9759431481361389,-0.02972572110593319,0,-0.6163860559463501,0.15989787876605988,0.7710390090942383,0,0,23.05459976196289,0,1,0.9057201147079468,-0.4141227602958679,0.09040795266628265,0,0.3721637427806854,0.8790170550346375,0.29803311824798584,0,-0.20289194583892822,-0.2362881749868393,0.9502649307250977,0,2.896399974822998,3.0095999240875244,1.3174999952316284,1,0.9995160102844238,-0.0302520003169775,-0.007205999922007322,0,0.030438000336289406,0.9991649985313416,0.027262000367045403,0,0.0063749998807907104,-0.027468999847769737,0.9996020197868347,0,0.6165000200271606,3.449199914932251,0,1,0.985863983631134,-0.16748900711536407,-0.004480000119656324,0,0.1671299934387207,0.9849370121955872,-0.04434699937701225,0,0.011839999817311764,0.04297100007534027,0.9990059733390808,0,-0.07800000160932541,3.388700008392334,0,1,0.9940670132637024,-0.10876597464084625,0.0006189982523210347,0,0.1086539775133133,0.9927539825439453,-0.051313839852809906,0,0.004966983571648598,0.05107684060931206,0.9986820220947266,0,3.58489990234375,9.87399959564209,0.15649999678134918,1,0.9999560117721558,0.00942699983716011,0.00004400000034365803,0,-0.00942699983716011,0.9999560117721558,0.0000019999799860670464,0,-0.00004400000034365803,-0.000002999980097229127,1,0,-0.016300000250339508,3.2314999103546143,0,1,0.9999949932098389,-0.0032889998983591795,0.00012799999967683107,0,0.0032889998983591795,0.9999949932098389,0,0,-0.00012799999967683107,0,1,0,0.013399999588727951,3.0573999881744385,0,1,0.9941669702529907,-0.1078529804944992,0.00011499840911710635,0,0.10771697759628296,0.9928560256958008,-0.05131683871150017,0,0.005420983768999577,0.051029838621616364,0.9986820220947266,0,1.0056999921798706,9.994999885559082,-0.24220000207424164,1,0.9999579787254333,0.009109999984502792,-0.00007599999662488699,0,-0.009109999984502792,0.9999589920043945,0,0,0.00007599999662488699,0,1,0,-0.014399999752640724,3.5109000205993652,0,1,0.999983012676239,-0.005820999853312969,0.00022400000307243317,0,0.005820999853312969,0.999983012676239,0,0,-0.00022400000307243317,0,1,0,0.01679999940097332,3.3538999557495117,0,1,0.9946659803390503,-0.10218697786331177,-0.014020000584423542,0,0.10134697705507278,0.9935280084609985,-0.05128483846783638,0,0.01916998252272606,0.049589842557907104,0.9985859990119934,0,-1.138800024986267,10.1673002243042,-0.31459999084472656,1,0.9999989867210388,0.00171999994199723,-0.0001289999927394092,0,-0.00171999994199723,0.9999989867210388,0.0000010000300108004012,0,0.0001289999927394092,-0.0000010000300108004012,1,0,0.006599999964237213,2.8643999099731445,0,1,0.9999300241470337,-0.011831999756395817,-0.0005579999997280538,0,0.011831999756395817,0.9999300241470337,-0.000003999999989900971,0,0.0005579999997280538,-0.0000019999999949504854,1,0,0.01119999960064888,2.7836999893188477,0,1,0.993852972984314,-0.11067597568035126,-0.002664002124220133,0,0.11039397865533829,0.9925609827041626,-0.05133584141731262,0,0.008325982838869095,0.050725843757390976,0.9986780285835266,0,-3.4518001079559326,9.111100196838379,0.11490000039339066,1,0.9999480247497559,0.010211000218987465,0.0003110000106971711,0,-0.010211000218987465,0.9999480247497559,0,0,-0.0003110000106971711,-0.000003000000106112566,1,0,-0.017999999225139618,2.6489999294281006,0,1,0.9999979734420776,0.0019890000112354755,-0.00008299999899463728,0,-0.0019890000112354755,0.9999979734420776,0,0,0.00008299999899463728,0,1,0,0.007799999788403511,2.283099889755249,0,1,-0.9827070832252502,-0.05881326645612717,0.17557679116725922,0,0.13561032712459564,-0.8742408156394958,0.46616846323013306,0,0.12607912719249725,0.4819173514842987,0.8670987486839294,0,8.932900428771973,-5.757400035858154,-1.0821000337600708,1,0.9884439706802368,0.03452206775546074,0.14760102331638336,0,0.03648999333381653,0.8908998966217041,-0.45273223519325256,0,-0.14712704718112946,0.4528861939907074,0.8793448805809021,0,0,40.515499114990234,0,1,0.9749490022659302,0.11440828442573547,0.19075025618076324,0,-0.1879524290561676,0.8823481798171997,0.4314348101615906,0,-0.11894857883453369,-0.4564787745475769,0.8817480206489563,0,0,37.743099212646484,0,1,0.9996690154075623,-0.0009659923380240798,0.025704968720674515,0,-0.015670981258153915,0.7695961594581604,0.6383387446403503,0,-0.020398976281285286,-0.6385307908058167,0.7693261504173279,0,0,20.044099807739258,0,1,-0.9729500412940979,-0.20513871312141418,-0.10623905807733536,0,0.1885797530412674,-0.970892071723938,0.1476697325706482,0,-0.13343897461891174,0.1236407607793808,0.983314037322998,0,-8.932900428771973,-5.757400035858154,-0.8281000256538391,1,0.9866840243339539,-0.03137104585766792,-0.15959197282791138,0,-0.037817031145095825,0.9100807905197144,-0.4127024710178375,0,0.15818896889686584,0.4132414758205414,0.8967757821083069,0,0,40.53129959106445,0,1,0.8748893141746521,-0.32241952419281006,-0.361405611038208,0,0.46497440338134766,0.35034987330436707,0.8130523562431335,0,-0.1355258971452713,-0.879375159740448,0.45643362402915955,0,0,37.73590087890625,0,1,0.9996070265769958,0.002049002330750227,-0.027951007708907127,0,0.017145005986094475,0.7442319393157959,0.6677010655403137,0,0.02217000536620617,-0.6679180860519409,0.7439049482345581,0,0,19.978700637817383,0,1
