0.533,30,15,65
B0,mixamorig_Hips,-1,0.9969972372055054,-0.009533295407891273,-0.07684434205293655,0,0.008378108032047749,0.9998435378074646,-0.015315883792936802,0,0.07697997242212296,0.014625044539570808,0.9969213604927063,0,0.019187815487384796,102.31790924072266,0.5189270973205566,1
B1,mixamorig_Spine,0,0.9778642654418945,0.18465641140937805,-0.09835267812013626,0,-0.1941675990819931,0.9760649800300598,-0.09790822863578796,0,0.07791532576084137,0.11484245955944061,0.9903197288513184,0,0,5.645699977874756,-0.03189999982714653,1
B2,mixamorig_Spine1,1,0.99834144115448,-0.05597236379981041,-0.013391241431236267,0,0.05672132223844528,0.9963163733482361,0.0643060952425003,0,0.00974263995885849,-0.06495930999517441,0.9978402256965637,0,0,6.5868000984191895,0,1
B3,mixamorig_Spine2,2,0.9984105825424194,-0.05497223511338234,-0.012308130040764809,0,0.05566230043768883,0.996307373046875,0.06536193937063217,0,0.008670154958963394,-0.06594324856996536,0.9977859854698181,0,0,7.5278000831604,0,1
B4,mixamorig_Neck,3,0.9917164444923401,-0.07034487277269363,-0.10740068554878235,0,0.05286090821027756,0.9860414266586304,-0.15781058371067047,0,0.11699201166629791,0.15082073211669922,0.9816041588783264,0,0,8.468700408935547,0,1
B5,mixamorig_Head,4,0.9957032799720764,-0.00950564630329609,0.09206400066614151,0,0.024620473384857178,0.9860725402832031,-0.1644631326198578,0,-0.08921990543603897,0.16602040827274323,0.9820770621299744,0,0,5.998899936676025,-1.159000039100647,1
B6,mixamorig_HeadTop_End,5,1,0,0,0,0,1,0,0,0,0,1,0,0,21.74880027770996,-4.2017998695373535,1
B7,mixamorig_LeftShoulder,3,-0.12380961328744888,-0.008799056522548199,-0.992264449596405,0,0.919305682182312,-0.3774201273918152,-0.111354760825634,0,-0.3735191226005554,-0.9259852766990662,0.054827384650707245,0,3.4147000312805176,7.343400001525879,-0.017400000244379044,1
B8,mixamorig_LeftArm,7,0.4330584406852722,0.7293574810028076,-0.5296006798744202,0,-0.3488813042640686,0.67735356092453,0.6476240754127502,0,0.8310789465904236,-0.09568998962640762,0.5477895736694336,0,0,7.189700126647949,0,1
B9,mixamorig_LeftForeArm,8,0.8919786214828491,0.4520621597766876,0.0013251894852146506,0,-0.4520631432533264,0.8919664621353149,0.0048062000423669815,0,0.0009912790264934301,-0.00488628912717104,0.9999879002571106,0,0,24.20359992980957,0,1
B10,mixamorig_LeftHand,9,0.8944329619407654,-0.0698595717549324,0.4417109191417694,0,0.019018998369574547,0.9927710890769958,0.1184988021850586,0,-0.44679468870162964,-0.09758903831243515,0.8892962336540222,0,0,21.59510040283203,0,1
B11,mixamorig_LeftHandThumb1,10,0.9192150235176086,0.3928169906139374,-0.027172088623046875,0,-0.36701899766921997,0.8797529935836792,0.3022119104862213,0,0.14261899888515472,-0.26782500743865967,0.9528539776802063,0,-2.1452999114990234,2.0982000827789307,1.1066999435424805,1
B12,mixamorig_LeftHandThumb2,11,0.9824650287628174,-0.18553699553012848,-0.018377000465989113,0,0.18196099996566772,0.9756540060043335,-0.12243100255727768,0,0.04064499959349632,0.11694099754095078,0.9923070073127747,0,-0.4422000050544739,2.52020001411438,0,1
B13,mixamorig_LeftHandThumb3,12,0.994674026966095,0.09892000257968903,-0.028958000242710114,0,-0.10304799675941467,0.9603899717330933,-0.25890499353408813,0,0.002199999988079071,0.26050999760627747,0.9654690027236938,0,0.05009999871253967,3.1054999828338623,0,1
B14,mixamorig_LeftHandThumb4,13,1,0,0,0,0,1,0,0,0,0,1,0,0.3921000063419342,2.6770999431610107,0,1
B15,mixamorig_LeftHandIndex1,10,0.9825819730758667,0.18350400030612946,0.029315000399947166,0,-0.18253399431705475,0.9234790205955505,0.3374429941177368,0,0.03485000133514404,-0.3369159996509552,0.9408890008926392,0,-2.561000108718872,7.100100040435791,0.04859999939799309,1
B16,mixamorig_LeftHandIndex2,15,0.9998109936714172,-0.01931699924170971,-0.00203999993391335,0,0.019317999482154846,0.9778000116348267,0.2086469978094101,0,-0.0020359999034553766,-0.2086469978094101,0.9779890179634094,0,-0.0006000000284984708,3.0000998973846436,0,1
B17,mixamorig_LeftHandIndex3,16,0.9999380111694336,-0.01108499988913536,-0.0006309999735094607,0,0.011083000339567661,0.9931929707527161,0.11595408618450165,0,-0.0006590000120922923,-0.11595408618450165,0.9932540059089661,0,0.0005000000237487257,2.7486000061035156,0,1
B18,mixamorig_LeftHandIndex4,17,1,0,0,0,0,1,0,0,0,0,1,0,0.00009999999747378752,2.3343000411987305,0,1
B19,mixamorig_LeftHandMiddle1,10,0.9794319868087769,0.1970919966697693,0.043216001242399216,0,-0.2008409947156906,0.9317049980163574,0.3026359975337982,0,0.01938300020992756,-0.305090993642807,0.9521260261535645,0,-0.8248999714851379,7.382699966430664,-0.1046999990940094,1
B20,mixamorig_LeftHandMiddle2,19,0.9998239874839783,-0.01863200031220913,-0.0020420893561095,0,0.018616000190377235,0.9744189977645874,0.22396591305732727,0,-0.0021829106844961643,-0.22396491467952728,0.9745950102806091,0,-0.0019000000320374966,3.3796000480651855,0,1
B21,mixamorig_LeftHandMiddle3,20,0.9998459815979004,-0.017510000616312027,-0.0013070895802229643,0,0.017500000074505806,0.9876859784126282,0.15546999871730804,0,-0.0014309999532997608,-0.15546900033950806,0.9878399968147278,0,0.005499999970197678,3.1907999515533447,0,1
B22,mixamorig_LeftHandMiddle4,21,1,0,0,0,0,1,0,0,0,0,1,0,-0.003599999938160181,2.752000093460083,0,1
B23,mixamorig_LeftHandRing1,10,0.9682949781417847,0.24418599903583527,0.052698999643325806,0,-0.24845999479293823,0.9195110201835632,0.3045769929885864,0,0.025916000828146935,-0.30801400542259216,0.9510290026664734,0,0.8877999782562256,7.537499904632568,0.09640000015497208,1
B24,mixamorig_LeftHandRing2,23,0.9998379945755005,-0.01786400005221367,-0.002119089476764202,0,0.0178849995136261,0.9744070172309875,0.2240770012140274,0,-0.0019379999721422791,-0.22407890856266022,0.9745690226554871,0,-0.00430000014603138,2.8452000617980957,0,1
B25,mixamorig_LeftHandRing3,24,0.9999229907989502,-0.012364000082015991,-0.0008779999916441739,0,0.012350000441074371,0.9877510070800781,0.15555191040039062,0,-0.0010560000082477927,-0.1555500030517578,0.9878270030021667,0,0.000699999975040555,2.680999994277954,0,1
B26,mixamorig_LeftHandRing4,25,1,0,0,0,0,1,0,0,0,0,1,0,0.0035000001080334187,2.2806999683380127,0,1
B27,mixamorig_LeftHandPinky1,10,0.9680190086364746,0.2437169998884201,0.05951499938964844,0,-0.25011900067329407,0.9190919995307922,0.3044849932193756,0,0.019509000703692436,-0.3096329867839813,0.950655996799469,0,2.498199939727783,7.361700057983398,0.028699999675154686,1
B28,mixamorig_LeftHandPinky2,27,0.9997850060462952,-0.020601000636816025,-0.002242089482024312,0,0.020579999312758446,0.9743850231170654,0.22394390404224396,0,-0.002428000094369054,-0.22394190728664398,0.9746000170707703,0,0.0005000000237487257,2.4802000522613525,0,1
B29,mixamorig_LeftHandPinky3,28,0.9998630285263062,-0.016491999849677086,-0.0013409999664872885,0,0.016499999910593033,0.9877049922943115,0.15545600652694702,0,-0.0012390000047162175,-0.155457004904747,0.9878420233726501,0,0.00139999995008111,1.9510999917984009,0,1
B30,mixamorig_LeftHandPinky4,29,1,0,0,0,0,1,0,0,0,0,1,0,-0.0019000000320374966,1.659500002861023,0,1
B31,mixamorig_RightShoulder,3,0.07272662967443466,-0.041246168315410614,0.9964985251426697,0,-0.9323663115501404,-0.3575427532196045,0.053246449679136276,0,0.35409459471702576,-0.9329745769500732,-0.06446041166782379,0,-3.4147000312805176,7.343200206756592,0.004699999932199717,1
B32,mixamorig_RightArm,31,0.3871859610080719,-0.38003429770469666,-0.8374530673027039,0,0.6448267102241516,0.7624714374542236,-0.04942834749817848,0,0.6572075486183167,-0.5209730267524719,0.5403217673301697,0,0,7.189700126647949,0,1
B33,mixamorig_RightForeArm,32,0.09695408493280411,-0.995126485824585,-0.006751586217433214,0,0.9951285123825073,0.09690581262111664,0.007198774255812168,0,-0.00651183957234025,-0.007416774518787861,0.9999516606330872,0,0,24.202699661254883,0,1
B34,mixamorig_RightHand,33,0.8644799590110779,0.37886062264442444,0.3282439708709717,0,-0.11161521077156067,0.7824710011482239,-0.6119121313095093,0,-0.48910969495773315,0.492672324180603,0.7184476256370544,0,0,21.595600128173828,0,1
B35,mixamorig_RightHandThumb1,34,0.9171470999717712,-0.3950450122356415,0.05272800102829933,0,0.36556899547576904,0.886556088924408,0.28350889682769775,0,-0.15874500572681427,-0.2407429963350296,0.957518994808197,0,2.1654000282287598,2.135200023651123,1.1744999885559082,1
B36,mixamorig_RightHandThumb2,35,0.9956099987030029,0.09331899881362915,0.0072790891863405704,0,-0.09341000020503998,0.9955390095710754,0.013271999545395374,0,-0.006008089520037174,-0.013894000090658665,0.9998850226402283,0,0.43810001015663147,2.5708999633789062,0,1
B37,mixamorig_RightHandThumb3,36,0.9997869729995728,-0.004064000211656094,0.020231999456882477,0,0.009099000133574009,0.9667930006980896,-0.2553989887237549,0,-0.018521999940276146,0.25552898645401,0.9666240215301514,0,-0.05209999904036522,3.059299945831299,0,1
B38,mixamorig_RightHandThumb4,37,1,0,0,0,0,1,0,0,0,0,1,0,-0.38600000739097595,2.625200033187866,0,1
B39,mixamorig_RightHandIndex1,34,0.9980189800262451,-0.06290891021490097,0.001246000058017671,0,0.06185099855065346,0.9844920039176941,0.16416500508785248,0,-0.011553999967873096,-0.16376200318336487,0.9864320158958435,0,2.566999912261963,7.105000019073486,0.039400000125169754,1
B40,mixamorig_RightHandIndex2,39,0.999970018863678,0.007706000003963709,0.0004189999890513718,0,-0.007690089289098978,0.9905549883842468,0.13690300285816193,0,0.0006399999838322401,-0.13690200448036194,0.9905840158462524,0,-0.0010000000474974513,2.9493000507354736,0,1
B41,mixamorig_RightHandIndex3,40,0.9999020099639893,0.013992000371217728,0.0010629999451339245,0,-0.014006000012159348,0.9904860258102417,0.13689999282360077,0,0.0008619999862276018,-0.13690100610256195,0.9905840158462524,0,-0.005499999970197678,2.8015999794006348,0,1
B42,mixamorig_RightHandIndex4,41,1,0,0,0,0,1,0,0,0,0,1,0,0.006500000134110451,2.3635001182556152,0,1
B43,mixamorig_RightHandMiddle1,34,0.9940400123596191,-0.10882490873336792,-0.006481910590082407,0,0.10836999863386154,0.9799169898033142,0.16739100217819214,0,-0.011865000240504742,-0.16709500551223755,0.9858689904212952,0,0.8360999822616577,7.262800216674805,-0.11010000109672546,1
B44,mixamorig_RightHandMiddle2,43,0.9999790191650391,0.006519000045955181,0.000547999981790781,0,-0.006533000152558088,0.9905629754066467,0.13690200448036194,0,0.0003499999875202775,-0.1369020938873291,0.9905840158462524,0,0.00930000003427267,3.3111000061035156,0,1
B45,mixamorig_RightHandMiddle3,44,0.9999819993972778,0.005923000164330006,0.0003129999968223274,0,-0.005909999832510948,0.9905670285224915,0.13690300285816193,0,0.0005009105079807341,-0.1369020938873291,0.9905840158462524,0,0,3.1891000270843506,0,1
B46,mixamorig_RightHandMiddle4,45,1,0,0,0,0,1,0,0,0,0,1,0,-0.009200000204145908,2.691499948501587,0,1
B47,mixamorig_RightHandRing1,34,0.9955570101737976,-0.09414000064134598,-0.0020759999752044678,0,0.09317391365766525,0.9816650152206421,0.1662909984588623,0,-0.013616999611258507,-0.16574500501155853,0.9860749840736389,0,-0.9853000044822693,7.492700099945068,-0.01889999955892563,1
B48,mixamorig_RightHandRing2,47,0.9998459815979004,0.01739799976348877,0.0024730893783271313,0,-0.017416000366210938,0.9622610211372375,0.27156901359558105,0,0.0023449105210602283,-0.27156999707221985,0.9624159932136536,0,0.001500000013038516,2.815500020980835,0,1
B49,mixamorig_RightHandRing3,48,0.9999639987945557,0.008504088968038559,0.0005460000247694552,0,-0.00849900022149086,0.9905459880828857,0.13691991567611694,0,0.000623999978415668,-0.13691900670528412,0.9905819892883301,0,-0.00009999999747378752,2.7356998920440674,0,1
B50,mixamorig_RightHandRing4,49,1,0,0,0,0,1,0,0,0,0,1,0,-0.00139999995008111,2.3531999588012695,0,1
B51,mixamorig_RightHandPinky1,34,0.9976249933242798,-0.06875699758529663,0.004023999907076359,0,0.0682029128074646,0.9943410158157349,0.08144800364971161,0,-0.009602000005543232,-0.08098000288009644,0.9966689944267273,0,-2.4177000522613525,7.441800117492676,0.09099999815225601,1
B52,mixamorig_RightHandPinky2,51,0.9998909831047058,0.014642000198364258,0.0016550000291317701,0,-0.014542000368237495,0.9623900055885315,0.2712820768356323,0,0.0023789999540895224,-0.2712770104408264,0.9624980092048645,0,-0.000699999975040555,2.4493000507354736,0,1
B53,mixamorig_RightHandPinky3,52,0.9992499947547913,0.037466999143362045,0.009769000113010406,0,-0.0376489982008934,0.8812429904937744,0.4711619019508362,0,0.009043999947607517,-0.47117599844932556,0.8819929957389832,0,-0.006399999838322401,1.965999960899353,0,1
B54,mixamorig_RightHandPinky4,53,1,0,0,0,0,1,0,0,0,0,1,0,0.0071000000461936,1.6121000051498413,0,1
B55,mixamorig_LeftUpLeg,0,-0.9794885516166687,-0.03971300646662712,0.19754475355148315,0,0.06174372881650925,-0.992376983165741,0.1066439226269722,0,0.19180335104465485,0.11665313690900803,0.9744752645492554,0,6.620200157165527,-8.816800117492676,-0.4472000002861023,1
B56,mixamorig_LeftLeg,55,0.9935533404350281,-0.07043652981519699,-0.08882275223731995,0,0.050271544605493546,0.9760421514511108,-0.211642786860466,0,0.1016043946146965,0.20581278204917908,0.973291277885437,0,-0.37229999899864197,36.18519973754883,0.08829999715089798,1
B57,mixamorig_LeftFoot,56,0.9970489740371704,0.050943586975336075,0.05743362009525299,0,-0.07622173428535461,0.5675401091575623,0.8198093175888062,0,0.009168725460767746,-0.8217674493789673,0.5697479248046875,0,0,46.263099670410156,0,1
B58,mixamorig_LeftToeBase,57,0.9984278678894043,0.00009238890197593719,0.05604705959558487,0,-0.034862909466028214,0.7840069532394409,0.6197724938392639,0,-0.04388377442955971,-0.6207525134086609,0.7827777862548828,0,0,16.368600845336914,0,1
B59,mixamorig_LeftToe_End,58,1,0,0,0,0,1,0,0,0,0,1,0,0,6.664999961853027,0,1
B60,mixamorig_RightUpLeg,0,-0.9998650550842285,-0.012495065107941628,0.010578994639217854,0,0.013265379704535007,-0.9970089793205261,0.07613559067249298,0,0.009596866555511951,0.07626581192016602,0.9970414638519287,0,-6.620200157165527,-8.816800117492676,-0.4472000002861023,1
B61,mixamorig_RightLeg,60,0.9911738038063049,-0.00006660555663984269,-0.132563516497612,0,-0.024223046377301216,0.9830697774887085,-0.18159691989421844,0,0.1303330659866333,0.18320536613464355,0.9743916988372803,0,0.37209999561309814,36.18389892578125,0.49619999527931213,1
B62,mixamorig_RightFoot,61,0.9943230152130127,-0.04819405451416969,0.09486692398786545,0,-0.053996045142412186,0.5397037267684937,0.8401215672492981,0,-0.09168943017721176,-0.8404743671417236,0.5340375900268555,0,0,46.253299713134766,0,1
B63,mixamorig_RightToeBase,62,0.9985870122909546,9.999999974752427e-7,-0.053144000470638275,0,0.031984999775886536,0.7986000180244446,0.6010109782218933,0,0.042440999299287796,-0.6018620133399963,0.7974720001220703,0,0,16.863399505615234,0,1
B64,mixamorig_RightToe_End,63,1,0,0,0,0,1,0,0,0,0,1,0,0,6.677599906921387,0,1
@52,0,1,2,3,4,5,7,8,9,10,11,12,13,15,16,17,19,20,21,23,24,25,27,28,29,31,32,33,34,35,36,37,39,40,41,43,44,45,47,48,49,51,52,53,55,56,57,58,60,61,62,63
K0.000,0.9992160201072693,-0.010377000086009502,-0.03820199891924858,0,0.010359999723732471,0.9999459981918335,-0.0006290000164881349,0,0.03820599988102913,0.00023200000578071922,0.9992700219154358,0,-0.016606999561190605,102.2155532836914,0.36076998710632324,1,0.981410026550293,0.1652500033378601,-0.09760700166225433,0,-0.17569699883460999,0.9782310128211975,-0.11043299734592438,0,0.07723300158977509,0.12552900612354279,0.9890789985656738,0,0,5.645699977874756,-0.03189999982714653,1,0.9988390207290649,-0.04597900062799454,-0.01436999998986721,0,0.04687900096178055,0.9964200258255005,0.07035700231790543,0,0.011083999648690224,-0.0709490031003952,0.9974179863929749,0,0,6.5868000984191895,0,1,0.99891197681427,-0.044835999608039856,-0.012849000282585621,0,0.04564100131392479,0.9964079856872559,0.07132700085639954,0,0.009604999795556068,-0.07183600217103958,0.9973700046539307,0,0,7.5278000831604,0,1,0.9953619837760925,-0.022801000624895096,-0.09345600008964539,0,0.00635500019416213,0.984965980052948,-0.17263099551200867,0,0.0959869995713234,0.17123599350452423,0.9805430173873901,0,0,8.468700408935547,0,1,0.9950640201568604,0.004947000183165073,0.09911300241947174,0,0.012161999940872192,0.9851490259170532,-0.17126800119876862,0,-0.09848800301551819,0.17162799835205078,0.9802259802818298,0,0,5.998899936676025,-1.159000039100647,1,-0.11274400353431702,-0.008861999958753586,-0.9935849905014038,0,0.9305009841918945,-0.3516719937324524,-0.10244899988174438,0,-0.34850800037384033,-0.9360809922218323,0.047894999384880066,0,3.4147000312805176,7.343400001525879,-0.017400000244379044,1,0.4645949900150299,0.748537003993988,-0.4731220006942749,0,-0.33227598667144775,0.6426079869270325,0.6903970241546631,0,0.8208190202713013,-0.16354799270629883,0.5472729802131653,0,0,7.189700126647949,0,1,0.9016910195350647,0.43237999081611633,0.001221999991685152,0,-0.43237999081611633,0.9016799926757812,0.00459699984639883,0,0.0008859999943524599,-0.004672999959439039,0.9999889731407166,0,0,24.20359992980957,0,1,0.871753990650177,-0.05279799923300743,0.48708999156951904,0,-0.005235999822616577,0.993116021156311,0.11701899766921997,0,-0.48991501331329346,-0.10456199944019318,0.8654770255088806,0,0,21.59510040283203,0,1,0.9192150235176086,0.3928160071372986,-0.027171999216079712,0,-0.36701899766921997,0.8797529935836792,0.3022109866142273,0,0.14261800050735474,-0.26782500743865967,0.9528539776802063,0,-2.1452999114990234,2.0982000827789307,1.1066999435424805,1,0.9824650287628174,-0.18553799390792847,-0.018377000465989113,0,0.18196099996566772,0.9756540060043335,-0.12243100255727768,0,0.04064499959349632,0.11693999916315079,0.9923070073127747,0,-0.4422000050544739,2.52020001411438,0,1,0.994674026966095,0.09892000257968903,-0.028958000242710114,0,-0.10304799675941467,0.9603899717330933,-0.25890499353408813,0,0.002199999988079071,0.26050999760627747,0.9654690027236938,0,0.05009999871253967,3.1054999828338623,0,1,0.9825819730758667,0.18350400030612946,0.029315000399947166,0,-0.18253399431705475,0.9234790205955505,0.3374429941177368,0,0.03485000133514404,-0.3369159996509552,0.9408890008926392,0,-2.561000108718872,7.100100040435791,0.04859999939799309,1,0.9998109936714172,-0.01931699924170971,-0.00203999993391335,0,0.019317999482154846,0.9778000116348267,0.2086469978094101,0,-0.0020359999034553766,-0.2086469978094101,0.9779890179634094,0,-0.0006000000284984708,3.0000998973846436,0,1,0.9999380111694336,-0.01108499988913536,-0.0006309999735094607,0,0.011083000339567661,0.9931929707527161,0.11595500260591507,0,-0.0006590000120922923,-0.11595500260591507,0.9932540059089661,0,0.0005000000237487257,2.7486000061035156,0,1,0.9794319868087769,0.1970919966697693,0.04321499913930893,0,-0.2008409947156906,0.9317049980163574,0.3026359975337982,0,0.01938300020992756,-0.305090993642807,0.9521260261535645,0,-0.8248999714851379,7.382699966430664,-0.1046999990940094,1,0.9998239874839783,-0.01863200031220913,-0.002041999949142337,0,0.018616000190377235,0.9744189977645874,0.22396600246429443,0,-0.0021830000914633274,-0.22396500408649445,0.9745950102806091,0,-0.0019000000320374966,3.3796000480651855,0,1,0.9998459815979004,-0.017510000616312027,-0.001307999948039651,0,0.017501000314950943,0.9876859784126282,0.15546999871730804,0,-0.0014309999532997608,-0.15546900033950806,0.9878399968147278,0,0.005499999970197678,3.1907999515533447,0,1,0.9682949781417847,0.24418599903583527,0.052698999643325806,0,-0.24845999479293823,0.9195110201835632,0.3045769929885864,0,0.025916000828146935,-0.30801400542259216,0.9510290026664734,0,0.8877999782562256,7.537499904632568,0.09640000015497208,1,0.9998379945755005,-0.01786400005221367,-0.0021200000774115324,0,0.0178849995136261,0.9744070172309875,0.2240770012140274,0,-0.0019379999721422791,-0.22407899796962738,0.9745690226554871,0,-0.00430000014603138,2.8452000617980957,0,1,0.9999229907989502,-0.012364000082015991,-0.0008779999916441739,0,0.012350000441074371,0.9877510070800781,0.1555510014295578,0,-0.0010560000082477927,-0.1555500030517578,0.9878270030021667,0,0.000699999975040555,2.680999994277954,0,1,0.9680190086364746,0.2437169998884201,0.05951499938964844,0,-0.2501179873943329,0.9190919995307922,0.3044849932193756,0,0.019509000703692436,-0.3096329867839813,0.950655996799469,0,2.498199939727783,7.361700057983398,0.028699999675154686,1,0.9997850060462952,-0.020601000636816025,-0.002242000075057149,0,0.020579999312758446,0.9743850231170654,0.22394299507141113,0,-0.002428000094369054,-0.22394099831581116,0.9746000170707703,0,0.0005000000237487257,2.4802000522613525,0,1,0.9998630285263062,-0.016491999849677086,-0.0013409999664872885,0,0.016499999910593033,0.9877049922943115,0.15545600652694702,0,-0.0012390000047162175,-0.155457004904747,0.9878420233726501,0,0.00139999995008111,1.9510999917984009,0,1,0.06986100226640701,-0.04063500091433525,0.9967290163040161,0,-0.9398829936981201,-0.3374960124492645,0.0521170012652874,0,0.3342739939689636,-0.9404500126838684,-0.061769999563694,0,-3.4147000312805176,7.343200206756592,0.004699999932199717,1,0.5799000263214111,-0.558722972869873,-0.5929120182991028,0,0.6054250001907349,0.7825329899787903,-0.14527100324630737,0,0.5451390147209167,-0.2747209966182709,0.7920560240745544,0,0,7.189700126647949,0,1,-0.008960000239312649,-0.9999319911003113,-0.0075170001946389675,0,0.9999330043792725,-0.009014000184834003,0.007232999894768,0,-0.0073009999468922615,-0.007451999932527542,0.9999459981918335,0,0,24.202699661254883,0,1,0.77469402551651,0.4279009997844696,0.4655640125274658,0,-0.11365299671888351,0.8184940218925476,-0.5631620287895203,0,-0.6220390200614929,0.3833659887313843,0.6827139854431152,0,0,21.595600128173828,0,1,0.9171469807624817,-0.3950450122356415,0.05272800102829933,0,0.36556899547576904,0.8865560293197632,0.2835089862346649,0,-0.15874500572681427,-0.2407429963350296,0.957518994808197,0,2.1654000282287598,2.135200023651123,1.1744999885559082,1,0.9956099987030029,0.09331899881362915,0.007278999779373407,0,-0.09341000020503998,0.9955390095710754,0.013271999545395374,0,-0.006008000113070011,-0.013894000090658665,0.9998850226402283,0,0.43810001015663147,2.5708999633789062,0,1,0.9997869729995728,-0.004064000211656094,0.020231999456882477,0,0.009099000133574009,0.9667930006980896,-0.2553989887237549,0,-0.018521999940276146,0.25552898645401,0.9666240215301514,0,-0.05209999904036522,3.059299945831299,0,1,0.9980189800262451,-0.06290800124406815,0.001246000058017671,0,0.06185099855065346,0.9844920039176941,0.16416500508785248,0,-0.011553999967873096,-0.16376200318336487,0.9864320158958435,0,2.566999912261963,7.105000019073486,0.039400000125169754,1,0.999970018863678,0.007706000003963709,0.0004189999890513718,0,-0.007691000122576952,0.9905549883842468,0.13690300285816193,0,0.0006399999838322401,-0.13690200448036194,0.9905840158462524,0,-0.0010000000474974513,2.9493000507354736,0,1,0.9999020099639893,0.013992000371217728,0.0010629999451339245,0,-0.014006000012159348,0.9904860258102417,0.13689899444580078,0,0.0008619999862276018,-0.13690100610256195,0.9905840158462524,0,-0.005499999970197678,2.8015999794006348,0,1,0.9940400123596191,-0.10882499814033508,-0.00648100022226572,0,0.10836999863386154,0.9799169898033142,0.16739100217819214,0,-0.011865000240504742,-0.16709500551223755,0.9858689904212952,0,0.8360999822616577,7.262800216674805,-0.11010000109672546,1,0.9999790191650391,0.006519999820739031,0.000547999981790781,0,-0.006533000152558088,0.9905629754066467,0.13690200448036194,0,0.0003499999875202775,-0.13690300285816193,0.9905840158462524,0,0.00930000003427267,3.3111000061035156,0,1,0.9999819993972778,0.005923000164330006,0.0003129999968223274,0,-0.005909999832510948,0.9905670285224915,0.13690300285816193,0,0.0005009999731555581,-0.13690200448036194,0.9905840158462524,0,0,3.1891000270843506,0,1,0.9955570101737976,-0.09414000064134598,-0.0020759999752044678,0,0.09317299723625183,0.9816650152206421,0.1662909984588623,0,-0.013616999611258507,-0.16574500501155853,0.9860749840736389,0,-0.9853000044822693,7.492700099945068,-0.01889999955892563,1,0.9998459815979004,0.01739799976348877,0.002472999971359968,0,-0.0174150001257658,0.962261974811554,0.2715680003166199,0,0.0023449999280273914,-0.27156901359558105,0.9624159932136536,0,0.001500000013038516,2.815500020980835,0,1,0.9999639987945557,0.008503999561071396,0.0005460000247694552,0,-0.00849900022149086,0.9905459880828857,0.1369200050830841,0,0.000623999978415668,-0.13691900670528412,0.9905819892883301,0,-0.00009999999747378752,2.7356998920440674,0,1,0.9976249933242798,-0.06875699758529663,0.004025000147521496,0,0.06820199638605118,0.9943410158157349,0.08144800364971161,0,-0.009602000005543232,-0.08098100125789642,0.9966689944267273,0,-2.4177000522613525,7.441800117492676,0.09099999815225601,1,0.9998909831047058,0.014642000198364258,0.0016550000291317701,0,-0.014542000368237495,0.9623900055885315,0.27128300070762634,0,0.0023789999540895224,-0.2712770104408264,0.9624980092048645,0,-0.000699999975040555,2.4493000507354736,0,1,0.9992499947547913,0.037466999143362045,0.009769000113010406,0,-0.0376489982008934,0.8812429904937744,0.47116199135780334,0,0.009043999947607517,-0.47117599844932556,0.8819929957389832,0,-0.006399999838322401,1.965999960899353,0,1,-0.9800029993057251,-0.03566800057888031,0.19575999677181244,0,0.06287699937820435,-0.9889050126075745,0.13458900153636932,0,0.18878699839115143,0.1442060023546219,0.9713720083236694,0,6.620200157165527,-8.816800117492676,-0.4472000002861023,1,0.9970279932022095,-0.058834001421928406,-0.04973100125789642,0,0.04560200124979019,0.971036970615387,-0.2345370054244995,0,0.06208999827504158,0.2315720021724701,0.9708340167999268,0,-0.37229999899864197,36.18519973754883,0.08829999715089798,1,0.9972469806671143,0.04507099837064743,0.05888599902391434,0,-0.07402999699115753,0.5588600039482117,0.8259509801864624,0,0.004317000042647123,-0.8280360102653503,0.5606579780578613,0,0,46.263099670410156,0,1,0.9984210133552551,-0.000022000000171829015,0.05617399886250496,0,-0.034869998693466187,0.7837560176849365,0.6200889945030212,0,-0.044039998203516006,-0.6210690140724182,0.7825180292129517,0,0,16.368600845336914,0,1,-0.9999409914016724,-0.0031870000530034304,0.010400000028312206,0,0.004288999829441309,-0.9941679835319519,0.10775800049304962,0,0.009995999746024609,0.10779599845409393,0.9941229820251465,0,-6.620200157165527,-8.816800117492676,-0.4472000002861023,1,0.9951930046081543,0.023117000237107277,-0.09516400098800659,0,-0.04194600135087967,0.9787110090255737,-0.20090900361537933,0,0.0884929969906807,0.20393499732017517,0.9749770164489746,0,0.37209999561309814,36.18389892578125,0.49619999527931213,1,0.9939479827880859,-0.059105001389980316,0.09259399771690369,0,-0.04642000049352646,0.537962019443512,0.8416900038719177,0,-0.09956000000238419,-0.8408939838409424,0.5319629907608032,0,0,46.253299713134766,0,1,0.9985870122909546,0,-0.053144000470638275,0,0.031984999775886536,0.7986000180244446,0.6010109782218933,0,0.042440999299287796,-0.6018620133399963,0.7974720001220703,0,0,16.863399505615234,0,1
K0.033,0.9991379976272583,-0.006271992810070515,-0.041024141013622284,0,0.006308991461992264,0.9999799728393555,0.0007569715962745249,0,0.04101914167404175,-0.0010149721056222916,0.9991580247879028,0,-0.2368806004524231,102.10791015625,0.15483775734901428,1,0.9861950278282166,0.14675691723823547,-0.07668787986040115,0,-0.1551818996667862,0.9807119965553284,-0.1188410073518753,0,0.05776789411902428,0.1291009783744812,0.9899470210075378,0,0,5.645699977874756,-0.03189999982714653,1,0.9991689920425415,-0.03913697227835655,-0.011377982795238495,0,0.039844971150159836,0.9967089891433716,0.07059899717569351,0,0.008577984757721424,-0.07099399715662003,0.997439980506897,0,0,6.5868000984191895,0,1,0.999222993850708,-0.03822297230362892,-0.009593982249498367,0,0.03881097212433815,0.9966999888420105,0.07129000127315521,0,0.0068379840813577175,-0.07160700112581253,0.9974089860916138,0,0,7.5278000831604,0,1,0.9959740042686462,-0.00679200841113925,-0.08938197791576385,0,-0.00960899330675602,0.9832890033721924,-0.18179605901241302,0,0.08912298083305359,0.1819230616092682,0.9792659878730774,0,0,8.468700408935547,0,1,0.9947879910469055,0.011030001565814018,0.1013680249452591,0,0.00637099938467145,0.9854670166969299,-0.1697469800710678,0,-0.10176702588796616,0.1695079803466797,0.9802600145339966,0,0,5.998899936676025,-1.159000039100647,1,-0.11424901336431503,-0.008791999891400337,-0.993412971496582,0,0.9288830161094666,-0.35556405782699585,-0.10368001461029053,0,-0.35231104493141174,-0.9346100091934204,0.048790011554956436,0,3.4147000312805176,7.343400001525879,-0.017400000244379044,1,0.47932812571525574,0.7268818616867065,-0.4918200969696045,0,-0.30504485964775085,0.6634381413459778,0.6832259297370911,0,0.8229169845581055,-0.17746208608150482,0.5397359728813171,0,0,7.189700126647949,0,1,0.8823098540306091,0.47066619992256165,0.0014280012110248208,0,-0.4706672132015228,0.8822968602180481,0.005004002247005701,0,0.0010960011277347803,-0.00508700218051672,0.9999859929084778,0,0,24.20359992980957,0,1,0.8635209798812866,-0.0835232362151146,0.4973479211330414,0,0.04151737689971924,0.9946159720420837,0.09494983404874802,0,-0.5025999546051025,-0.06134267523884773,0.8623400330543518,0,0,21.59510040283203,0,1,0.9192150235176086,0.3928160071372986,-0.027171999216079712,0,-0.36701899766921997,0.8797529935836792,0.3022109866142273,0,0.14261899888515472,-0.26782500743865967,0.9528539776802063,0,-2.1452999114990234,2.0982000827789307,1.1066999435424805,1,0.9824650287628174,-0.18553799390792847,-0.018377000465989113,0,0.18196099996566772,0.9756540060043335,-0.12243200093507767,0,0.04064499959349632,0.11694099754095078,0.9923070073127747,0,-0.4422000050544739,2.52020001411438,0,1,0.994674026966095,0.09892000257968903,-0.028958000242710114,0,-0.10304799675941467,0.9603899717330933,-0.25890499353408813,0,0.002199999988079071,0.26050999760627747,0.9654690027236938,0,0.05009999871253967,3.1054999828338623,0,1,0.9825819730758667,0.18350400030612946,0.029315000399947166,0,-0.18253399431705475,0.9234790205955505,0.3374429941177368,0,0.03485000133514404,-0.3369159996509552,0.9408890008926392,0,-2.561000108718872,7.100100040435791,0.04859999939799309,1,0.9998109936714172,-0.01931699924170971,-0.00203999993391335,0,0.019317999482154846,0.9778000116348267,0.2086469978094101,0,-0.0020359999034553766,-0.2086469978094101,0.9779890179634094,0,-0.0006000000284984708,3.0000998973846436,0,1,0.9999380111694336,-0.01108499988913536,-0.0006309999735094607,0,0.011083000339567661,0.9931929707527161,0.11595399677753448,0,-0.0006590000120922923,-0.11595399677753448,0.9932540059089661,0,0.0005000000237487257,2.7486000061035156,0,1,0.9794319868087769,0.1970919966697693,0.043216001242399216,0,-0.2008409947156906,0.9317049980163574,0.3026359975337982,0,0.01938300020992756,-0.305090993642807,0.9521260261535645,0,-0.8248999714851379,7.382699966430664,-0.1046999990940094,1,0.9998239874839783,-0.01863200031220913,-0.002041999949142337,0,0.018616000190377235,0.9744189977645874,0.22396600246429443,0,-0.0021830000914633274,-0.22396400570869446,0.9745950102806091,0,-0.0019000000320374966,3.3796000480651855,0,1,0.9998459815979004,-0.017510000616312027,-0.001307999948039651,0,0.017500000074505806,0.9876859784126282,0.15546999871730804,0,-0.0014309999532997608,-0.15546900033950806,0.9878399968147278,0,0.005499999970197678,3.1907999515533447,0,1,0.9682949781417847,0.24418699741363525,0.052698999643325806,0,-0.24845999479293823,0.9195110201835632,0.3045769929885864,0,0.025916999205946922,-0.30801400542259216,0.9510290026664734,0,0.8877999782562256,7.537499904632568,0.09640000015497208,1,0.9998379945755005,-0.01786400005221367,-0.0021200000774115324,0,0.0178849995136261,0.9744070172309875,0.2240770012140274,0,-0.0019379999721422791,-0.22407899796962738,0.9745690226554871,0,-0.00430000014603138,2.8452000617980957,0,1,0.9999229907989502,-0.012364000082015991,-0.0008779999916441739,0,0.012350000441074371,0.9877510070800781,0.1555510014295578,0,-0.0010560000082477927,-0.1555500030517578,0.9878270030021667,0,0.000699999975040555,2.680999994277954,0,1,0.9680190086364746,0.2437169998884201,0.05951499938964844,0,-0.25011900067329407,0.9190919995307922,0.3044849932193756,0,0.019509000703692436,-0.3096329867839813,0.950655996799469,0,2.498199939727783,7.361700057983398,0.028699999675154686,1,0.9997850060462952,-0.020601000636816025,-0.0022430000826716423,0,0.020579999312758446,0.9743850231170654,0.22394299507141113,0,-0.002428000094369054,-0.22394099831581116,0.9746000170707703,0,0.0005000000237487257,2.4802000522613525,0,1,0.9998630285263062,-0.016491999849677086,-0.0013409999664872885,0,0.016499999910593033,0.9877049922943115,0.15545600652694702,0,-0.0012390000047162175,-0.155457004904747,0.9878420233726501,0,0.00139999995008111,1.9510999917984009,0,1,0.07083004713058472,-0.04114801436662674,0.9966390132904053,0,-0.9462050199508667,-0.3190169036388397,0.05407404154539108,0,0.3157199025154114,-0.9468550086021423,-0.06153002381324768,0,-3.4147000312805176,7.343200206756592,0.004699999932199717,1,0.6781134605407715,-0.6216890215873718,-0.3920009136199951,0,0.5907928347587585,0.7783570885658264,-0.2124263495206833,0,0.43718037009239197,-0.08754196017980576,0.8951032757759094,0,0,7.189700126647949,0,1,-0.05877728387713432,-0.9982399940490723,-0.007878001779317856,0,0.9982420206069946,-0.05883428454399109,0.007220999803394079,0,-0.007672002539038658,-0.007439999841153622,0.9999430179595947,0,0,24.202699661254883,0,1,0.7126671075820923,0.395710289478302,0.5792397856712341,0,-0.09109462797641754,0.8709259033203125,-0.4828982353210449,0,-0.6955618262290955,0.2913798689842224,0.6567270755767822,0,0,21.595600128173828,0,1,0.9171469807624817,-0.3950450122356415,0.05272800102829933,0,0.36556899547576904,0.8865560293197632,0.2835089862346649,0,-0.15874500572681427,-0.2407439947128296,0.957518994808197,0,2.1654000282287598,2.135200023651123,1.1744999885559082,1,0.9956099987030029,0.09331999719142914,0.007280000019818544,0,-0.09341000020503998,0.9955390095710754,0.013271999545395374,0,-0.006008999887853861,-0.013894000090658665,0.9998850226402283,0,0.43810001015663147,2.5708999633789062,0,1,0.9997869729995728,-0.004064000211656094,0.020231999456882477,0,0.009097999893128872,0.9667930006980896,-0.2553989887237549,0,-0.018521999940276146,0.25552898645401,0.9666240215301514,0,-0.05209999904036522,3.059299945831299,0,1,0.9980189800262451,-0.06290800124406815,0.001246000058017671,0,0.06185099855065346,0.9844920039176941,0.16416500508785248,0,-0.011553999967873096,-0.16376300156116486,0.9864320158958435,0,2.566999912261963,7.105000019073486,0.039400000125169754,1,0.999970018863678,0.007705000229179859,0.0004189999890513718,0,-0.007689999882131815,0.9905549883842468,0.13690300285816193,0,0.0006399999838322401,-0.13690200448036194,0.9905840158462524,0,-0.0010000000474974513,2.9493000507354736,0,1,0.9999020099639893,0.013992000371217728,0.0010629999451339245,0,-0.014006000012159348,0.9904860258102417,0.13689999282360077,0,0.0008619999862276018,-0.13690100610256195,0.9905840158462524,0,-0.005499999970197678,2.8015999794006348,0,1,0.9940400123596191,-0.1088239997625351,-0.00648100022226572,0,0.10836999863386154,0.9799169898033142,0.16739100217819214,0,-0.011865000240504742,-0.16709500551223755,0.9858689904212952,0,0.8360999822616577,7.262800216674805,-0.11010000109672546,1,0.9999790191650391,0.006519999820739031,0.000547999981790781,0,-0.006533000152558088,0.9905629754066467,0.13690200448036194,0,0.0003499999875202775,-0.13690300285816193,0.9905840158462524,0,0.00930000003427267,3.3111000061035156,0,1,0.9999819993972778,0.005923000164330006,0.0003129999968223274,0,-0.005909999832510948,0.9905670285224915,0.13690300285816193,0,0.0005009999731555581,-0.13690200448036194,0.9905840158462524,0,0,3.1891000270843506,0,1,0.9955570101737976,-0.09414000064134598,-0.0020759999752044678,0,0.09317299723625183,0.9816650152206421,0.1662909984588623,0,-0.013616999611258507,-0.16574500501155853,0.9860749840736389,0,-0.9853000044822693,7.492700099945068,-0.01889999955892563,1,0.9998459815979004,0.01739799976348877,0.002472999971359968,0,-0.0174150001257658,0.9622610211372375,0.27156901359558105,0,0.0023449999280273914,-0.27156999707221985,0.9624159932136536,0,0.001500000013038516,2.815500020980835,0,1,0.9999639987945557,0.008503999561071396,0.0005460000247694552,0,-0.00849900022149086,0.9905459880828857,0.13691900670528412,0,0.000623999978415668,-0.13691900670528412,0.9905819892883301,0,-0.00009999999747378752,2.7356998920440674,0,1,0.9976249933242798,-0.06875699758529663,0.004023999907076359,0,0.06820199638605118,0.9943410158157349,0.0814490020275116,0,-0.009602000005543232,-0.08098100125789642,0.9966689944267273,0,-2.4177000522613525,7.441800117492676,0.09099999815225601,1,0.9998909831047058,0.014642000198364258,0.0016550000291317701,0,-0.014542000368237495,0.9623900055885315,0.27128198742866516,0,0.0023789999540895224,-0.2712770104408264,0.9624980092048645,0,-0.000699999975040555,2.4493000507354736,0,1,0.9992499947547913,0.03746800124645233,0.009770000353455544,0,-0.0376489982008934,0.8812429904937744,0.47116199135780334,0,0.009043999947607517,-0.47117599844932556,0.8819929957389832,0,-0.006399999838322401,1.965999960899353,0,1,-0.980288028717041,-0.03302603214979172,0.19479499757289886,0,0.0624290406703949,-0.9871940016746521,0.1467980444431305,0,0.18745198845863342,0.15606504678726196,0.9697960019111633,0,6.620200157165527,-8.816800117492676,-0.4472000002861023,1,0.9969149827957153,-0.06011805683374405,-0.0504591278731823,0,0.04575301334261894,0.9674879908561707,-0.24874508380889893,0,0.06377314031124115,0.24566909670829773,0.9672539234161377,0,-0.37229999899864197,36.18519973754883,0.08829999715089798,1,0.9973189830780029,0.04378799349069595,0.05863399803638458,0,-0.07308999449014664,0.5561879873275757,0.8278359770774841,0,0.003637999529018998,-0.8299019932746887,0.5578969717025757,0,0,46.263099670410156,0,1,0.9984220266342163,-0.000013999570001033135,0.05616400018334389,0,-0.034869998693466187,0.7837619781494141,0.6200820207595825,0,-0.04402799904346466,-0.6210619807243347,0.7825239896774292,0,0,16.368600845336914,0,1,-0.9999480247497559,-0.002271064557135105,0.009945998899638653,0,0.003527064109221101,-0.9917439818382263,0.12818804383277893,0,0.00957298930734396,0.12821604311466217,0.9916999936103821,0,-6.620200157165527,-8.816800117492676,-0.4472000002861023,1,0.9950850009918213,0.017943883314728737,-0.09738112986087799,0,-0.040048930794000626,0.9723509550094604,-0.23006413877010345,0,0.09056014567613602,0.232833132147789,0.9682909250259399,0,0.37209999561309814,36.18389892578125,0.49619999527931213,1,0.9939560294151306,-0.06021498516201973,0.09178999811410904,0,-0.04620601609349251,0.5289929509162903,0.8473670482635498,0,-0.09958098828792572,-0.8464870452880859,0.5230139493942261,0,0,46.253299713134766,0,1,0.9985870122909546,0,-0.053144000470638275,0,0.031984999775886536,0.798600971698761,0.6010109782218933,0,0.042440999299287796,-0.6018610000610352,0.7974720001220703,0,0,16.863399505615234,0,1
