0.700,30,20,65
B0,mixamorig9_Hips,-1,0.9938483238220215,-0.0007590095628984272,-0.10936330258846283,0,0.005667629651725292,0.998948335647583,0.0452754981815815,0,0.10921714454889297,-0.04563158378005028,0.9928066730499268,0,1.4939627647399902,94.87213897705078,7.033751010894775,1
B1,mixamorig9_Spine,0,0.9983450174331665,-0.007598162163048983,-0.05676618590950966,0,0.008519831113517284,0.9998180270195007,0.016401227563619614,0,0.05663764476776123,-0.01686517521739006,0.9982296824455261,0,0,11.752699851989746,-0.5351999998092651,1
B2,mixamorig9_Spine1,1,0.9893112778663635,-0.013075613416731358,-0.14490483701229095,0,0.03093908727169037,0.991960346698761,0.1223481222987175,0,0.14214682579040527,-0.12553071975708008,0.9817613363265991,0,0,13.725600242614746,0,1
B3,mixamorig9_Spine2,2,0.9893112778663635,-0.013075613416731358,-0.14490535855293274,0,0.03093908727169037,0.991960346698761,0.1223481222987175,0,0.14214682579040527,-0.12553071975708008,0.9817613363265991,0,0,15.686400413513184,0,1
B4,mixamorig9_Neck,3,0.9991464018821716,0.0013216324150562286,0.041266586631536484,0,-0.0026576693635433912,0.9994736909866333,0.03227817639708519,0,-0.04120134189724922,-0.03236090764403343,0.9986241459846497,0,0,17.647199630737305,0,1
B5,mixamorig9_Head,4,0.9991464018821716,0.0031978324986994267,0.04116294905543327,0,-0.0026576693635433912,0.9999077320098877,-0.013221307657659054,0,-0.04120134189724922,0.013101000338792801,0.9990622401237488,0,0,5.016600131988525,1.8802000284194946,1
B6,mixamorig9_HeadTop_End,5,1,0,0,0,0,1,0,0,0,0,1,0,0,20.74340057373047,7.774600028991699,1
B7,mixamorig9_LeftShoulder,3,-0.039372801780700684,0.022713355720043182,-0.9988906383514404,0,0.8831741213798523,-0.4665619432926178,-0.04548592492938042,0,-0.46708470582962036,-0.8841170072555542,-0.0018208407564088702,0,7.849699974060059,14.776000022888184,-0.11429999768733978,1
B8,mixamorig9_LeftArm,7,0.8905134201049805,-0.36625176668167114,-0.26366493105888367,0,0.44631797075271606,0.8010258078575134,0.39492180943489075,0,0.0666772723197937,-0.4714984595775604,0.8792474865913391,0,0,16.612699508666992,0,1
B9,mixamorig9_LeftForeArm,8,0.16362422704696655,0.9794531464576721,-0.11620336771011353,0,-0.9315916895866394,0.1921309530735016,0.3082816004753113,0,0.32451802492141724,0.05784188583493233,0.9439747333526611,0,0,22.575599670410156,0,1
B10,mixamorig9_LeftHand,9,0.9459804892539978,0.2746346592903137,-0.1711767166852951,0,-0.27189522981643677,0.9614846706390381,0.03980252146720886,0,0.17554020881652832,0.0087836729362607,0.984247088432312,0,0,23.494800567626953,0,1
B11,mixamorig9_LeftHandThumb1,10,0.8357030153274536,0.5490995049476624,0.009487000294029713,0,-0.47797447443008423,0.7187309861183167,0.504941999912262,0,0.27044498920440674,-0.42651599645614624,0.8631010055541992,0,-2.9351999759674072,2.980299949645996,1.212499976158142,1
B12,mixamorig9_LeftHandThumb2,11,0.9983389973640442,-0.05605800077319145,0.013278000056743622,0,0.05618448555469513,0.9983770251274109,-0.009321999736130238,0,-0.012733999639749527,0.010053000412881374,0.9998679757118225,0,-0.6079999804496765,3.4307000637054443,0,1
B13,mixamorig9_LeftHandThumb3,12,0.9907619953155518,0.13549800217151642,0.00559999980032444,0,-0.13549500703811646,0.9907780289649963,-0.0009430000209249556,0,-0.005675999913364649,0.00017499999376013875,0.9999840259552002,0,0.10520000010728836,3.407099962234497,0,1
B14,mixamorig9_LeftHandThumb4,13,1,0,0,0,0,1,0,0,0,0,1,0,0.5027999877929688,2.9867000579833984,0,1
B15,mixamorig9_LeftHandIndex1,10,0.9847885966300964,0.16789479553699493,0.044750552624464035,0,-0.11590790003538132,0.4429023861885071,0.8889984488487244,0,0.1294444352388382,-0.8806617856025696,0.45562541484832764,0,-3.5720999240875244,9.847399711608887,0.14309999346733093,1
B16,mixamorig9_LeftHandIndex2,15,0.9978852272033691,0.03340250626206398,0.05575454980134964,0,-0.06321275979280472,0.29945433139801025,0.9519696235656738,0,0.015110677108168602,-0.9534816145896912,0.30093297362327576,0,0.02370000071823597,3.3194000720977783,0,1
B17,mixamorig9_LeftHandIndex3,16,1,-0.00041000000783242285,0.000022000000171829015,0,0.00041000000783242285,1,0,0,-0.000022000000171829015,0,1,0,-0.01209999993443489,3.0680999755859375,0,1
B18,mixamorig9_LeftHandIndex4,17,1,0,0,0,0,1,0,0,0,0,1,0,-0.011599999852478504,2.664099931716919,0,1
B19,mixamorig9_LeftHandMiddle1,10,0.9895793199539185,0.13595335185527802,0.04742265120148659,0,-0.09749241918325424,0.39030009508132935,0.915465235710144,0,0.10595716536045074,-0.9105482697486877,0.39948785305023193,0,-1.0200999975204468,10.081199645996094,-0.2759000062942505,1
B20,mixamorig9_LeftHandMiddle2,19,0.9976179003715515,0.054035041481256485,0.042874936014413834,0,-0.06099197268486023,0.4007585644721985,0.9141048789024353,0,0.03221834450960159,-0.9145426154136658,0.4031001627445221,0,0.013399999588727951,3.520699977874756,0,1
B21,mixamorig9_LeftHandMiddle3,20,0.9999750256538391,0.007009000051766634,-0.00022200000239536166,0,-0.007009000051766634,0.9999750256538391,4.846716024076159e-7,0,0.00022200000239536166,9.999999974752427e-7,1,0,-0.017899999395012856,3.274600028991699,0,1
B22,mixamorig9_LeftHandMiddle4,21,1,0,0,0,0,1,0,0,0,0,1,0,0.0044999998062849045,2.9179999828338623,0,1
B23,mixamorig9_LeftHandRing1,10,0.9991431832313538,-0.023826731368899345,0.033839836716651917,0,-0.02413318306207657,0.3287922143936157,0.9440494775772095,0,-0.03361766040325165,-0.9440574645996094,0.3279358744621277,0,1.1241999864578247,10.177499771118164,-0.24969999492168427,1
B24,mixamorig9_LeftHandRing2,23,0.9994731545448303,0.03176587447524071,0.006625079084187746,0,-0.017526425421237946,0.3566726744174957,0.9340195059776306,0,0.02730853669345379,-0.9336436986923218,0.3570416271686554,0,-0.008500000461935997,2.742300033569336,0,1
B25,mixamorig9_LeftHandRing3,24,0.9998610019683838,0.016658484935760498,0.0011370000429451466,0,-0.016658484935760498,0.9998610019683838,-0.000012999999853491317,0,-0.0011370000429451466,-0.000006000000212225132,0.9999989867210388,0,-0.015399999916553497,2.8440001010894775,0,1
B26,mixamorig9_LeftHandRing4,25,1,0,0,0,0,1,0,0,0,0,1,0,0.024000000208616257,2.1342999935150146,0,1
B27,mixamorig9_LeftHandPinky1,10,0.9915310740470886,-0.1259637326002121,0.03161034360527992,0,-0.0014167677145451307,0.2328830361366272,0.9724602699279785,0,-0.12985454499721527,-0.9642695784568787,0.23073294758796692,0,3.4679999351501465,9.103500366210938,-0.039799999445676804,1
B28,mixamorig9_LeftHandPinky2,27,0.9975606203079224,0.06889162957668304,-0.011281251907348633,0,-0.0025361082516610622,0.19726066291332245,0.9803046584129333,0,0.06975900381803513,-0.9778846502304077,0.19695419073104858,0,0.0034000000450760126,2.641700029373169,0,1
B29,mixamorig9_LeftHandPinky3,28,0.9999229907989502,0.012418515048921108,-0.000048000001697801054,0,-0.012418515048921108,0.9999229907989502,0,0,0.000048000001697801054,0,1,0,-0.014100000262260437,2.2011001110076904,0,1
B30,mixamorig9_LeftHandPinky4,29,1,0,0,0,0,1,0,0,0,0,1,0,0.01080000028014183,1.7961000204086304,0,1
B31,mixamorig9_RightShoulder,3,0.12210334837436676,-0.0213015154004097,0.9922729730606079,0,-0.8779104351997375,-0.46866145730018616,0.0979790911078453,0,0.4629518985748291,-0.8831166625022888,-0.07591290771961212,0,-7.849699974060059,14.77750015258789,-0.14710000157356262,1
B32,mixamorig9_RightArm,31,0.9893494844436646,0.13360746204853058,0.019505105912685394,0,-0.1211291253566742,0.8146837949752808,0.5643823742866516,0,0.060312848538160324,-0.5622464418411255,0.824682891368866,0,0,16.612699508666992,0,1
B33,mixamorig9_RightForeArm,32,-0.23873689770698547,-0.9520086646080017,-0.19094720482826233,0,0.9610317349433899,-0.25977563858032227,0.0937214270234108,0,-0.138956680893898,-0.16115429997444153,0.977055013179779,0,0,22.570600509643555,0,1
B34,mixamorig9_RightHand,33,0.9196826219558716,-0.3857165277004242,-0.06501490622758865,0,0.39048561453819275,0.8927122950553894,0.22325962781906128,0,-0.027601998299360275,-0.23043881356716156,0.9723344445228577,0,0,23.49340057373047,0,1
B35,mixamorig9_RightHandThumb1,34,0.8997777700424194,-0.4317277669906616,0.06333538144826889,0,0.3357091546058655,0.7776448130607605,0.5315712094306946,0,-0.278746634721756,-0.4570337235927582,0.8446421027183533,0,3.0255000591278076,3.211699962615967,1.4098999500274658,1
B36,mixamorig9_RightHandThumb2,35,0.9920130968093872,0.12553328275680542,-0.01229790784418583,0,-0.12563076615333557,0.9920490980148315,-0.007473637815564871,0,0.011261939071118832,0.008959061466157436,0.9998959898948669,0,0.696399986743927,3.639699935913086,0,1
B37,mixamorig9_RightHandThumb3,36,0.9771400094032288,-0.21258999407291412,-0.0016985153779387474,0,0.21258947253227234,0.9771414995193481,-0.00041651533683761954,0,0.0017480000387877226,0.00004600000102072954,0.9999979734420776,0,-0.08560000360012054,3.2702999114990234,0,1
B38,mixamorig9_RightHandThumb4,37,1,0,0,0,0,1,0,0,0,0,1,0,-0.61080002784729,2.4916999340057373,0,1
B39,mixamorig9_RightHandIndex1,34,0.9867101311683655,-0.15035933256149292,0.06159549951553345,0,-0.03235816955566406,0.1896928995847702,0.9812796115875244,0,-0.15923412144184113,-0.9702309966087341,0.18230672180652618,0,3.771899938583374,10.28030014038086,0.09109999984502792,1
B40,mixamorig9_RightHandIndex2,39,0.9954928159713745,-0.029115237295627594,-0.09025541692972183,0,0.0833684578537941,-0.18491263687610626,0.9791816473007202,0,-0.04520318657159805,-0.9822931885719299,-0.1816512942314148,0,-0.013500000350177288,3.08870005607605,0,1
B41,mixamorig9_RightHandIndex3,40,0.9999979734420776,0.001841000048443675,-0.00008499999967170879,0,-0.001841000048443675,0.9999979734420776,0,0,0.00008499999967170879,0,1,0,0.004900000058114529,2.968600034713745,0,1
B42,mixamorig9_RightHandIndex4,41,1,0,0,0,0,1,0,0,0,0,1,0,0.00860000029206276,2.4632999897003174,0,1
B43,mixamorig9_RightHandMiddle1,34,0.9919561743736267,-0.12157788127660751,-0.035241011530160904,0,0.04637499526143074,0.09003110975027084,0.9948286414146423,0,-0.1177792027592659,-0.9884601831436157,0.09494511783123016,0,0.9696000218391418,10.202899932861328,-0.3716000020503998,1
B44,mixamorig9_RightHandMiddle2,43,0.9958977699279785,-0.05451144650578499,-0.07222432643175125,0,0.06785009056329727,-0.07818732410669327,0.9945971965789795,0,-0.05986836180090904,-0.9954169392585754,-0.0741676390171051,0,-0.009499999694526196,3.4802000522613525,0,1
B45,mixamorig9_RightHandMiddle3,44,0.999987006187439,-0.005022999830543995,0.00013699999544769526,0,0.005022999830543995,0.999987006187439,0,0,-0.00013699999544769526,9.999999974752427e-7,1,0,0.012799999676644802,3.263000011444092,0,1
B46,mixamorig9_RightHandMiddle4,45,1,0,0,0,0,1,0,0,0,0,1,0,-0.0031999999191612005,2.9082999229431152,0,1
B47,mixamorig9_RightHandRing1,34,0.9981696009635925,-0.012537539936602116,-0.059159498661756516,0,0.05862797424197197,-0.03910805284976959,0.9974835515022278,0,-0.014824059791862965,-0.9991262555122375,-0.03830147162079811,0,-1.2293000221252441,10.39229965209961,-0.2087000012397766,1
B48,mixamorig9_RightHandRing2,47,0.9956287145614624,-0.0702509880065918,-0.06154683977365494,0,0.0524139441549778,-0.12512919306755066,0.9907244443893433,0,-0.07730362564325333,-0.9896197319030762,-0.12089996784925461,0,0.002899999963119626,2.884500026702881,0,1
B49,mixamorig9_RightHandRing3,48,0.999983012676239,-0.0057680001482367516,-0.00013899999612476677,0,0.0057680001482367516,0.999983012676239,-9.999952226280584e-7,0,0.00013899999612476677,0,1,0,0.005400000140070915,2.646399974822998,0,1
B50,mixamorig9_RightHandRing4,49,1,0,0,0,0,1,0,0,0,0,1,0,-0.00839999970048666,2.253499984741211,0,1
B51,mixamorig9_RightHandPinky1,34,0.9953036904335022,0.06592769920825958,-0.07088087499141693,0,0.08552905917167664,-0.2560214102268219,0.9628483057022095,0,0.045326218008995056,-0.9643897414207458,-0.26045748591423035,0,-3.512200117111206,9.241800308227539,-0.02889999933540821,1
B52,mixamorig9_RightHandPinky2,51,0.9880144596099854,-0.13747809827327728,-0.07019443809986115,0,0.028311384841799736,-0.28561821579933167,0.9578934907913208,0,-0.15174147486686707,-0.9483999609947205,-0.2783021628856659,0,-0.0035000001080334187,2.5352001190185547,0,1
B53,mixamorig9_RightHandPinky3,52,0.9999489784240723,-0.01014500018209219,0.00005199999941396527,0,0.01014500018209219,0.9999489784240723,0,0,-0.00005199999941396527,0,1,0,0.012000000104308128,2.26990008354187,0,1
B54,mixamorig9_RightHandPinky4,53,1,0,0,0,0,1,0,0,0,0,1,0,-0.00839999970048666,1.7288000583648682,0,1
B55,mixamorig9_LeftUpLeg,0,-0.9882408380508423,0.06286391615867615,-0.13748250901699066,0,-0.12069559842348099,-0.8753104209899902,0.46748265624046326,0,-0.09131456166505814,0.47887948155403137,0.873004138469696,0,9.840399742126465,-6.511499881744385,0.9520000219345093,1
B56,mixamorig9_LeftLeg,55,0.9989891648292542,-0.024551087990403175,0.03450945019721985,0,0.03484237939119339,0.9467632174491882,-0.31682977080345154,0,-0.025143802165985107,0.3176546096801758,0.9467061758041382,0,0,41.17900085449219,0,1
B57,mixamorig9_LeftFoot,56,0.990894079208374,0.08355291932821274,0.08294191211462021,0,-0.10987742245197296,0.32642197608947754,0.9361693859100342,0,0.049356479197740555,-0.9370025396347046,0.3341381847858429,0,0,35.32469940185547,0,1
B58,mixamorig9_LeftToeBase,57,0.994031548500061,-0.08417820185422897,0.06912720948457718,0,0.011885065585374832,0.714533805847168,0.699491024017334,0,-0.1082795262336731,-0.694500207901001,0.7112650871276855,0,0,19.662200927734375,0,1
B59,mixamorig9_LeftToe_End,58,1,0,0,0,0,1,0,0,0,0,1,0,0,7.87060022354126,0,1
B60,mixamorig9_RightUpLeg,0,-0.9866940975189209,0.10551583021879196,-0.12322072684764862,0,-0.062033429741859436,-0.9467998743057251,-0.3084122836589813,0,-0.14946113526821136,-0.2966054677963257,0.9407411217689514,0,-9.840399742126465,-6.511499881744385,0.2425999939441681,1
B61,mixamorig9_RightLeg,60,0.9989784359931946,-0.014589338563382626,-0.019065501168370247,0,-0.01651099883019924,0.3878960609436035,-0.9082080125808716,0,0.017230093479156494,0.9083555936813354,0.38688570261001587,0,0,41.14780044555664,0,1
B62,mixamorig9_RightFoot,61,0.990283727645874,0.11803807318210602,-0.07303329557180405,0,-0.05871956795454025,0.8308422565460205,0.5516151189804077,0,0.12570136785507202,-0.5419654250144958,0.8297192454338074,0,0,35.326698303222656,0,1
B63,mixamorig9_RightToeBase,62,0.9911910891532898,0.04444734379649162,0.12245200574398041,0,-0.12843525409698486,0.4906481206417084,0.861483097076416,0,-0.021639464423060417,-0.8701192140579224,0.4923185706138611,0,0,20.054500579833984,0,1
B64,mixamorig9_RightToe_End,63,1,0,0,0,0,1,0,0,0,0,1,0,0,8.012900352478027,0,1
@52,0,1,2,3,4,5,7,8,9,10,11,12,13,15,16,17,19,20,21,23,24,25,27,28,29,31,32,33,34,35,36,37,39,40,41,43,44,45,47,48,49,51,52,53,55,56,57,58,60,61,62,63
K0.000,0.9980030059814453,-0.035578999668359756,-0.052191998809576035,0,0.04031199961900711,0.9948830008506775,0.0926389992237091,0,0.048629000782966614,-0.09455700218677521,0.9943310022354126,0,0.22996999323368073,90.86997985839844,0.7283070087432861,1,0.999629020690918,0.01387799996882677,-0.023447999730706215,0,-0.012903000228106976,0.9990670084953308,0.041211001574993134,0,0.023997999727725983,-0.04089299961924553,0.9988750219345093,0,0,11.752699851989746,-0.5351999998092651,1,0.998354971408844,0.039882998913526535,-0.04119500145316124,0,-0.032207999378442764,0.9844689965248108,0.17258000373840332,0,0.04743799939751625,-0.17096899449825287,0.9841340184211731,0,0,13.725600242614746,0,1,0.998354971408844,0.039882998913526535,-0.04119500145316124,0,-0.032207999378442764,0.9844689965248108,0.17258000373840332,0,0.04743799939751625,-0.17096899449825287,0.9841340184211731,0,0,15.686400413513184,0,1,0.9998289942741394,-0.001765000051818788,0.018396999686956406,0,0.0017290000105276704,0.9999970197677612,0.001986999996006489,0,-0.018401000648736954,-0.0019549999851733446,0.9998289942741394,0,0,17.647199630737305,0,1,0.9998289942741394,-0.0009270000155083835,0.01845799945294857,0,0.0017290000105276704,0.9990519881248474,-0.043505001813173294,0,-0.018401000648736954,0.043529000133275986,0.9988830089569092,0,0,5.016600131988525,1.8802000284194946,1,0.000058000001445179805,0.021686000749468803,-0.9997649788856506,0,0.8756160140037537,-0.48289600014686584,-0.010424000211060047,0,-0.4830079972743988,-0.8754090070724487,-0.019016999751329422,0,7.849699974060059,14.776000022888184,-0.11429999768733978,1,0.8746470212936401,-0.406233012676239,-0.26451200246810913,0,0.47272801399230957,0.593953013420105,0.6509590148925781,0,-0.1073329970240593,-0.6944019794464111,0.7115370035171509,0,0,16.612699508666992,0,1,-0.23218899965286255,0.9706529974937439,0.0626169964671135,0,-0.9447090029716492,-0.2403710037469864,0.22303999960422516,0,0.23154599964618683,-0.007368000224232674,0.9727960228919983,0,0,22.575599670410156,0,1,0.9467290043830872,0.2509849965572357,-0.20176799595355988,0,-0.2479269951581955,0.9679229855537415,0.040713001042604446,0,0.20551399886608124,0.011478999629616737,0.9785869717597961,0,0,23.494800567626953,0,1,0.8357030153274536,0.5490999817848206,0.009486000053584576,0,-0.477973997592926,0.7187309861183167,0.504941999912262,0,0.27044498920440674,-0.42651599645614624,0.8631010055541992,0,-2.9351999759674072,2.980299949645996,1.212499976158142,1,0.9983389973640442,-0.05605800077319145,0.013279000297188759,0,0.05618400126695633,0.9983770251274109,-0.009321999736130238,0,-0.012734999880194664,0.010053000412881374,0.9998679757118225,0,-0.6079999804496765,3.4307000637054443,0,1,0.9907619953155518,0.13549800217151642,0.00559999980032444,0,-0.13549500703811646,0.9907780289649963,-0.0009430000209249556,0,-0.005675999913364649,0.00017600000137463212,0.9999840259552002,0,0.10520000010728836,3.407099962234497,0,1,0.9831920266151428,0.17201900482177734,0.06118199974298477,0,-0.09928400069475174,0.2225160002708435,0.9698600172996521,0,0.15321999788284302,-0.9596329927444458,0.23585499823093414,0,-3.5720999240875244,9.847399711608887,0.14309999346733093,1,0.9962670207023621,0.03842499852180481,0.07730700075626373,0,-0.07981099933385849,0.068572998046875,0.9944490194320679,0,0.032910000532865524,-0.9969059824943542,0.07138299942016602,0,0.02370000071823597,3.3194000720977783,0,1,1,-0.00041000000783242285,0.000022000000171829015,0,0.00041000000783242285,1,0,0,-0.000022000000171829015,0,1,0,-0.01209999993443489,3.0680999755859375,0,1,0.9881770014762878,0.1396390050649643,0.06329599767923355,0,-0.08624900132417679,0.16499100625514984,0.9825170040130615,0,0.1267540007829666,-0.976360023021698,0.17508399486541748,0,-1.0200999975204468,10.081199645996094,-0.2759000062942505,1,0.9963160157203674,0.06074799969792366,0.06053699925541878,0,-0.07037100195884705,0.1756020039319992,0.9819430112838745,0,0.04902099817991257,-0.9825850129127502,0.1792300045490265,0,0.013399999588727951,3.520699977874756,0,1,0.9999750256538391,0.007007999811321497,-0.00022200000239536166,0,-0.007007999811321497,0.9999750256538391,0,0,0.00022200000239536166,0,1,0,-0.017899999395012856,3.274600028991699,0,1,0.9989759922027588,-0.021754000335931778,0.03968200087547302,0,-0.03733700141310692,0.09926799684762955,0.9943600296974182,0,-0.02556999959051609,-0.9948229789733887,0.09835399687290192,0,1.1241999864578247,10.177499771118164,-0.24969999492168427,1,0.9993709921836853,0.033980000764131546,0.010178999975323677,0,-0.014468999579548836,0.12850700318813324,0.9916030168533325,0,0.03238600119948387,-0.9911260008811951,0.12891800701618195,0,-0.008500000461935997,2.742300033569336,0,1,0.9998610019683838,0.016658000648021698,0.0011370000429451466,0,-0.016658000648021698,0.9998610019683838,-0.000012999999853491317,0,-0.0011370000429451466,-0.000006000000212225132,0.9999989867210388,0,-0.015399999916553497,2.8440001010894775,0,1,0.9914190173149109,-0.1257999986410141,0.03553200140595436,0,-0.035613998770713806,0.0015950000379234552,0.9993640184402466,0,-0.1257759928703308,-0.9920539855957031,-0.0028979999478906393,0,3.4679999351501465,9.103500366210938,-0.039799999445676804,1,0.9974259734153748,0.07008799910545349,-0.015131000429391861,0,0.017719000577926636,-0.03644400089979172,0.9991790056228638,0,0.06947900354862213,-0.996874988079071,-0.037592001259326935,0,0.0034000000450760126,2.641700029373169,0,1,0.9999229907989502,0.012418000027537346,-0.000048000001697801054,0,-0.012418000027537346,0.9999229907989502,0,0,0.000048000001697801054,0,1,0,-0.014100000262260437,2.2011001110076904,0,1,0.07970800250768661,-0.016919000074267387,0.9966750144958496,0,-0.8676390051841736,-0.4934380054473877,0.06101199984550476,0,0.4907650053501129,-0.8696169853210449,-0.054010000079870224,0,-7.849699974060059,14.77750015258789,-0.14710000157356262,1,0.9741389751434326,0.2209170013666153,0.04742399975657463,0,-0.20849500596523285,0.7979720234870911,0.5654829740524292,0,0.08708199858665466,-0.5607460141181946,0.8233960270881653,0,0,16.612699508666992,0,1,0.024834999814629555,-0.9956269860267639,-0.0900539979338646,0,0.9931169748306274,0.01425699982792139,0.11625400185585022,0,-0.1144620031118393,-0.0923210009932518,0.9891290068626404,0,0,22.570600509643555,0,1,0.999809980392456,-0.005969000048935413,0.018567999824881554,0,0.00446499977260828,0.9967830181121826,0.08001899719238281,0,-0.01898599974811077,-0.07992099970579147,0.9966199994087219,0,0,23.49340057373047,0,1,0.8885020017623901,-0.4556420147418976,0.05435299873352051,0,0.36028599739074707,0.766057014465332,0.5323079824447632,0,-0.2841790020465851,-0.4533739984035492,0.8448039889335632,0,3.0255000591278076,3.211699962615967,1.4098999500274658,1,0.9999409914016724,-0.0021180000621825457,-0.010614000260829926,0,0.0019650000613182783,0.9998940229415894,-0.014426000416278839,0,0.01064400002360344,0.014405000023543835,0.9998400211334229,0,0.696399986743927,3.639699935913086,0,1,0.9771400094032288,-0.21258999407291412,-0.001699000014923513,0,0.21258999407291412,0.9771410226821899,-0.00041599999531172216,0,0.001749000046402216,0.00004600000102072954,0.9999979734420776,0,-0.08560000360012054,3.2702999114990234,0,1,0.9893550276756287,-0.12858200073242188,0.06813699752092361,0,-0.021751999855041504,0.33229899406433105,0.9429230093955994,0,-0.14388500154018402,-0.9343680143356323,0.3259649872779846,0,3.771899938583374,10.28030014038086,0.09109999984502792,1,0.9964979887008667,-0.030247999355196953,-0.07795900106430054,0,0.07683400064706802,-0.036719001829624176,0.9963679909706116,0,-0.03300099819898605,-0.9988679885864258,-0.034265998750925064,0,-0.013500000350177288,3.08870005607605,0,1,0.9999979734420776,0.001841000048443675,-0.00008499999967170879,0,-0.001841000048443675,0.9999979734420776,0,0,0.00008499999967170879,0,1,0,0.004900000058114529,2.968600034713745,0,1,0.9931079745292664,-0.11394699662923813,-0.027420999482274055,0,0.053971998393535614,0.23696400225162506,0.9700180292129517,0,-0.10403300076723099,-0.9648129940032959,0.2414810061454773,0,0.9696000218391418,10.202899932861328,-0.3716000020503998,1,0.9966319799423218,-0.0540350005030632,-0.06167599931359291,0,0.0654510036110878,0.07112099975347519,0.9953179955482483,0,-0.04939600080251694,-0.9960029721260071,0.07441899925470352,0,-0.009499999694526196,3.4802000522613525,0,1,0.999987006187439,-0.005022999830543995,0.00013699999544769526,0,0.005022999830543995,0.999987006187439,0,0,-0.00013699999544769526,0,1,0,0.012799999676644802,3.263000011444092,0,1,0.9987059831619263,-0.011970999650657177,-0.049421001225709915,0,0.050439998507499695,0.10992699861526489,0.9926589727401733,0,-0.006450999993830919,-0.9938679933547974,0.11038800328969955,0,-1.2293000221252441,10.39229965209961,-0.2087000012397766,1,0.9961130023002625,-0.07024700194597244,-0.05314899981021881,0,0.054951999336481094,0.02399200014770031,0.9982010126113892,0,-0.06884600222110748,-0.9972410202026367,0.027759000658988953,0,0.002899999963119626,2.884500026702881,0,1,0.999983012676239,-0.0057680001482367516,-0.00013899999612476677,0,0.0057680001482367516,0.999983012676239,0,0,0.00013899999612476677,0,1,0,0.005400000140070915,2.646399974822998,0,1,0.9962790012359619,0.06336099654436111,-0.05843000113964081,0,0.06521400064229965,-0.11090999841690063,0.9916880130767822,0,0.05635400116443634,-0.9918090105056763,-0.11462900042533875,0,-3.512200117111206,9.241800308227539,-0.02889999933540821,1,0.9884129762649536,-0.13840700685977936,-0.06230900064110756,0,0.04270999878644943,-0.1403149962425232,0.9891849756240845,0,-0.14565299451351166,-0.9803850054740906,-0.13277800381183624,0,-0.0035000001080334187,2.5352001190185547,0,1,0.9999489784240723,-0.01014500018209219,0.00005199999941396527,0,0.01014500018209219,0.9999489784240723,0,0,-0.00005199999941396527,0,1,0,0.012000000104308128,2.26990008354187,0,1,-0.9929100275039673,0.09423699975013733,0.07245100289583206,0,-0.03392300009727478,-0.8087999820709229,0.5871049761772156,0,0.11392500251531601,0.5804849863052368,0.8062620162963867,0,9.840399742126465,-6.511499881744385,0.9520000219345093,1,0.9699879884719849,0.22637200355529785,-0.08876100182533264,0,-0.048705000430345535,-0.17675699293613434,-0.9830489754676819,0,-0.23822399973869324,0.9578689932823181,-0.1604270040988922,0,0,41.17900085449219,0,1,0.989067018032074,0.12275999784469604,0.08171500265598297,0,-0.12021400034427643,0.35022199153900146,0.9289199709892273,0,0.08541599661111832,-0.928587019443512,0.36114999651908875,0,0,35.32469940185547,0,1,0.9840540289878845,-0.112575002014637,0.13770900666713715,0,-0.006101999897509813,0.7523970007896423,0.6586809754371643,0,-0.17776300013065338,-0.6490190029144287,0.7397130131721497,0,0,19.662200927734375,0,1,-0.9955719709396362,-0.06795799732208252,-0.06493999809026718,0,0.04849499836564064,-0.9631739854812622,0.26447001099586487,0,-0.08052100241184235,0.2601499855518341,0.9622049927711487,0,-9.840399742126465,-6.511499881744385,0.2425999939441681,1,0.9998999834060669,0.013027999550104141,0.005568999797105789,0,-0.004881000146269798,0.6857699751853943,-0.7278019785881042,0,-0.013300999999046326,0.7277020215988159,0.6857640147209167,0,0,41.14780044555664,0,1,0.9952049851417542,-0.052338000386953354,-0.08263400197029114,0,0.09022200107574463,0.16485199332237244,0.9821829795837402,0,-0.037783000618219376,-0.9849290251731873,0.1687840074300766,0,0,35.326698303222656,0,1,0.9845269918441772,0.15177400410175323,0.08758299797773361,0,-0.1632789969444275,0.6131380200386047,0.7729169726371765,0,0.06360799819231033,-0.7752590179443359,0.6284329891204834,0,0,20.054500579833984,0,1
K0.033,0.9989479780197144,-0.011750823818147182,-0.04432416334748268,0,0.01585383526980877,0.9955040216445923,0.093378946185112,0,0.04302717745304108,-0.09398394078016281,0.9946439862251282,0,0.4960533678531647,92.52223205566406,1.68082857131958,1,0.9991729855537415,0.0021188994869589806,-0.04060216620564461,0,-0.0007218983373604715,0.9994080066680908,0.03438891842961311,0,0.04065016284584999,-0.03433092683553696,0.9985830187797546,0,0,11.752699851989746,-0.5351999998092651,1,0.9959899187088013,0.03108188696205616,-0.08389738202095032,0,-0.017427846789360046,0.9871540069580078,0.15881884098052979,0,0.08775635808706284,-0.15671983361244202,0.9837369918823242,0,0,13.725600242614746,0,1,0.9959899187088013,0.03108188696205616,-0.08389738202095032,0,-0.017427846789360046,0.9871540069580078,0.15881884098052979,0,0.08775635808706284,-0.15671983361244202,0.9837369918823242,0,0,15.686400413513184,0,1,0.99965500831604,-0.0052779680117964745,0.025747103616595268,0,0.005243965424597263,0.9999849796295166,0.001356057939119637,0,-0.025754103437066078,-0.001220058649778366,0.9996680021286011,0,0,17.647199630737305,0,1,0.99965500831604,-0.004100962541997433,0.025961102917790413,0,0.005243965424597263,0.9990119934082031,-0.04413494095206261,0,-0.025754103437066078,0.04425594210624695,0.9986879825592041,0,0,5.016600131988525,1.8802000284194946,1,-0.01467816811054945,0.022522006183862686,-0.9996389746665955,0,0.8803380727767944,-0.47375887632369995,-0.023600151762366295,0,-0.4741188883781433,-0.8803660869598389,-0.01287293154746294,0,7.849699974060059,14.776000022888184,-0.11429999768733978,1,0.8528228998184204,-0.44374215602874756,-0.2752911448478699,0,0.5131822228431702,0.614629328250885,0.5990623235702515,0,-0.09662758558988571,-0.6521685123443604,0.7518904209136963,0,0,16.612699508666992,0,1,-0.12101884186267853,0.9926390647888184,0.004689358174800873,0,-0.9583489894866943,-0.11806670576334,0.2600522041320801,0,0.2586912512779236,0.02697731740772724,0.9655829668045044,0,0,22.575599670410156,0,1,0.93812495470047,0.24983000755310059,-0.2398061454296112,0,-0.2457290142774582,0.9681810140609741,0.04735499247908592,0,0.24400614202022552,0.014503051526844501,0.9696649312973022,0,0,23.494800567626953,0,1,0.8357030153274536,0.5490999817848206,0.009486000053584576,0,-0.477973997592926,0.7187309861183167,0.504941999912262,0,0.27044498920440674,-0.42651599645614624,0.8631010055541992,0,-2.9351999759674072,2.980299949645996,1.212499976158142,1,0.9983389973640442,-0.05605800077319145,0.013279000297188759,0,0.05618400126695633,0.9983770251274109,-0.009321999736130238,0,-0.012734999880194664,0.010053000412881374,0.9998679757118225,0,-0.6079999804496765,3.4307000637054443,0,1,0.9907619953155518,0.13549800217151642,0.00559999980032444,0,-0.13549500703811646,0.9907780289649963,-0.0009430000209249556,0,-0.005675999913364649,0.00017499999376013875,0.9999840259552002,0,0.10520000010728836,3.407099962234497,0,1,0.98335200548172,0.17175398766994476,0.05931595712900162,0,-0.10139904171228409,0.24779759347438812,0.9634908437728882,0,0.1507849395275116,-0.9534658193588257,0.26108860969543457,0,-3.5720999240875244,9.847399711608887,0.14309999346733093,1,0.9964640140533447,0.03812098875641823,0.07486893981695175,0,-0.07818595319986343,0.09460362046957016,0.9924399256706238,0,0.03074995055794716,-0.994784951210022,0.09724961221218109,0,0.02370000071823597,3.3194000720977783,0,1,1,-0.00041000000783242285,0.000022000011085765436,0,0.00041000000783242285,1,0,0,-0.000022000011085765436,0,1,0,-0.01209999993443489,3.0680999755859375,0,1,0.9883170127868652,0.1394529938697815,0.06150395795702934,0,-0.08774802833795547,0.19066260755062103,0.9777258634567261,0,0.12461994588375092,-0.9716998934745789,0.20067161321640015,0,-1.0200999975204468,10.081199645996094,-0.2759000062942505,1,0.9964690208435059,0.06021198630332947,0.05850895121693611,0,-0.06953197717666626,0.20128761231899261,0.977060854434967,0,0.04705395549535751,-0.9776799082756042,0.20476359128952026,0,0.013399999588727951,3.520699977874756,0,1,0.9999750256538391,0.007009000051766634,-0.00022200000239536166,0,-0.007009000051766634,0.9999750256538391,0,0,0.00022200000239536166,0,1,0,-0.017899999395012856,3.274600028991699,0,1,0.9989979863166809,-0.02194800414144993,0.03900298476219177,0,-0.03595796599984169,0.125229611992836,0.9914758801460266,0,-0.026645023375749588,-0.9918848872184753,0.12431462109088898,0,1.1241999864578247,10.177499771118164,-0.24969999492168427,1,0.9993820190429688,0.033775996416807175,0.009760990738868713,0,-0.014867009595036507,0.1543976068496704,0.9878968596458435,0,0.03185999020934105,-0.9874308705329895,0.15480360388755798,0,-0.008500000461935997,2.742300033569336,0,1,0.9998610019683838,0.016658000648021698,0.0011370000429451466,0,-0.016658000648021698,0.9998610019683838,-0.000012999999853491317,0,-0.0011370000429451466,-0.000006000000212225132,0.9999989867210388,0,-0.015399999916553497,2.8440001010894775,0,1,0.9914379715919495,-0.12577199935913086,0.03509698808193207,0,-0.0318819098174572,0.027483616024255753,0.999113917350769,0,-0.12662501633167267,-0.9916779398918152,0.023238621652126312,0,3.4679999351501465,9.103500366210938,-0.039799999445676804,1,0.9974449872970581,0.06991099566221237,-0.014718989841639996,0,0.015481946058571339,-0.010390378534793854,0.9998260140419006,0,0.06974601000547409,-0.9974989891052246,-0.011446376331150532,0,0.0034000000450760126,2.641700029373169,0,1,0.9999229907989502,0.012418000027537346,-0.000048999998398358,0,-0.012418000027537346,0.9999229907989502,0,0,0.000048999998398358,0,1,0,-0.014100000262260437,2.2011001110076904,0,1,0.10772515088319778,-0.019759999588131905,0.9939839839935303,0,-0.8748559951782227,-0.47680702805519104,0.0853361263871193,0,0.4722520411014557,-0.878786027431488,-0.06865107268095016,0,-7.849699974060059,14.77750015258789,-0.14710000157356262,1,0.9912649989128113,0.12879489362239838,-0.02838418260216713,0,-0.08937081694602966,0.8142470121383667,0.5735970139503479,0,0.09698809683322906,-0.5660499930381775,0.8186450004577637,0,0,16.612699508666992,0,1,-0.028802769258618355,-0.993449866771698,-0.11057860404253006,0,0.9957269430160522,-0.03822479769587517,0.08406180143356323,0,-0.08773794770240784,-0.10768455266952515,0.9903059601783752,0,0,22.570600509643555,0,1,0.9995429515838623,-0.028284912928938866,0.010654322803020477,0,0.02741297148168087,0.9968408942222595,0.0745391845703125,0,-0.01272842101752758,-0.07421325147151947,0.9971609115600586,0,0,23.49340057373047,0,1,0.8895120024681091,-0.45357194542884827,0.0551450178027153,0,0.35815393924713135,0.7670950293540955,0.5322510004043579,0,-0.28371500968933105,-0.4536930024623871,0.8447890281677246,0,3.0255000591278076,3.211699962615967,1.4098999500274658,1,0.9999020099639893,0.00901827309280634,-0.010750004090368748,0,-0.009167272597551346,0.999862015247345,-0.013834984973073006,0,0.010622999630868435,0.01393198873847723,0.9998469948768616,0,0.696399986743927,3.639699935913086,0,1,0.9771400094032288,-0.21258999407291412,-0.0016980000073090196,0,0.21258899569511414,0.9771419763565063,-0.00041700000292621553,0,0.0017480000387877226,0.00004600000102072954,0.9999979734420776,0,-0.08560000360012054,3.2702999114990234,0,1,0.9891179800033569,-0.13064204156398773,0.06766898185014725,0,-0.02263702265918255,0.31932365894317627,0.9473751187324524,0,-0.14537502825260162,-0.9385971426963806,0.3128916621208191,0,3.771899938583374,10.28030014038086,0.09109999984502792,1,0.9964079856872559,-0.0302249975502491,-0.07910502701997757,0,0.07751501351594925,-0.05055933818221092,0.9957079887390137,0,-0.034095026552677155,-0.9982640147209167,-0.04803433641791344,0,-0.013500000350177288,3.08870005607605,0,1,0.9999979734420776,0.001841000048443675,-0.00008400000660913065,0,-0.001841000048443675,0.9999979734420776,0,0,0.00008400000660913065,0,1,0,0.004900000058114529,2.968600034713745,0,1,0.9930019974708557,-0.11469501256942749,-0.028141018003225327,0,0.053396984934806824,0.22350166738033295,0.973240077495575,0,-0.105336032807827,-0.9679320454597473,0.2280626744031906,0,0.9696000218391418,10.202899932861328,-0.3716000020503998,1,0.9965670108795166,-0.05412900447845459,-0.06264502555131912,0,0.06573200970888138,0.05727966129779816,0.9961919784545898,0,-0.05033402144908905,-0.9968900084495544,0.06064065918326378,0,-0.009499999694526196,3.4802000522613525,0,1,0.999987006187439,-0.005022999830543995,0.00013699999544769526,0,0.005022999830543995,0.999987006187439,0,0,-0.00013699999544769526,0,1,0,0.012799999676644802,3.263000011444092,0,1,0.9986580014228821,-0.012150001712143421,-0.0503380224108696,0,0.051275018602609634,0.09615666419267654,0.9940450191497803,0,-0.007238018326461315,-0.9952920079231262,0.09665066748857498,0,-1.2293000221252441,10.39229965209961,-0.2087000012397766,1,0.9960619807243347,-0.07036499679088593,-0.053941018879413605,0,0.05478499457240105,0.010124660097062588,0.9984470009803772,0,-0.06971002370119095,-0.9974700212478638,0.013939660973846912,0,0.002899999963119626,2.884500026702881,0,1,0.999983012676239,-0.0057680001482367516,-0.00013899999612476677,0,0.0057680001482367516,0.999983012676239,0,0,0.00013899999612476677,0,1,0,0.005400000140070915,2.646399974822998,0,1,0.9962009787559509,0.0634860098361969,-0.05960603058338165,0,0.06716704368591309,-0.12452533841133118,0.9899399280548096,0,0.05542497709393501,-0.9901829361915588,-0.12831632792949677,0,-3.512200117111206,9.241800308227539,-0.02889999933540821,1,0.9883710145950317,-0.138373002409935,-0.06304501742124557,0,0.041412968188524246,-0.15398232638835907,0.9872049689292908,0,-0.14631101489067078,-0.9783369302749634,-0.14646132290363312,0,-0.0035000001080334187,2.5352001190185547,0,1,0.9999489784240723,-0.01014500018209219,0.00005199999941396527,0,0.01014500018209219,0.9999489784240723,0,0,-0.00005199999941396527,0,1,0,0.012000000104308128,2.26990008354187,0,1,-0.997875988483429,0.05710703507065773,0.03135456144809723,0,-0.01962832733988762,-0.7224509716033936,0.6911439895629883,0,0.06212170049548149,0.6890599727630615,0.7220370173454285,0,9.840399742126465,-6.511499881744385,0.9520000219345093,1,0.9896279573440552,0.14318989217281342,-0.011530807241797447,0,-0.015077419579029083,0.023704933002591133,-0.9996041059494019,0,-0.14286021888256073,0.9894101023674011,0.025617796927690506,0,0,41.17900085449219,0,1,0.9902480840682983,-0.13254252076148987,0.04290426895022392,0,-0.0002457040245644748,0.30630433559417725,0.9519338607788086,0,-0.13931269943714142,-0.9426609873771667,0.30328434705734253,0,0,35.32469940185547,0,1,0.995292067527771,0.09558773785829544,0.016007302328944206,0,-0.08282327651977539,0.7530786991119385,0.652696430683136,0,0.050334952771663666,-0.6509494185447693,0.7574506402015686,0,0,19.662200927734375,0,1,-0.9929698705673218,-0.020445197820663452,-0.11658752709627151,0,0.028016678988933563,-0.9975775480270386,-0.0636724978685379,0,-0.11500364542007446,-0.06649141013622284,0.9911364912986755,0,-9.840399742126465,-6.511499881744385,0.2425999939441681,1,0.9973467588424683,0.031203236430883408,0.0657695084810257,0,0.0035648318007588387,0.8814510107040405,-0.47226017713546753,0,-0.07270849496126175,0.47124210000038147,0.879001796245575,0,0,41.14780044555664,0,1,0.9949820041656494,-0.06342122703790665,-0.0773799866437912,0,0.09194853156805038,0.274781197309494,0.9570986032485962,0,-0.03943797945976257,-0.95941162109375,0.2792341411113739,0,0,35.326698303222656,0,1,0.9817171096801758,0.15433555841445923,0.11141123622655869,0,-0.17533259093761444,0.5053496956825256,0.8449133038520813,0,0.07409912347793579,-0.8490003943443298,0.523170530796051,0,0,20.054500579833984,0,1
