1.033,30,30,65
B0,mixamorig9_Hips,-1,0.9901188611984253,0.015512204729020596,-0.13933584094047546,0,-0.009154639206826687,0.9988877773284912,0.04613810032606125,0,0.13989360630512238,-0.04441085457801819,0.9891679286956787,0,2.3744771480560303,89.16341400146484,-1.0024056434631348,1
B1,mixamorig9_Spine,0,0.9997063875198364,0.005331889260560274,0.023615997284650803,0,-0.004294553305953741,0.9990319013595581,-0.043751467019319534,0,-0.023827575147151947,0.04363756626844406,0.9987624883651733,0,0,11.752699851989746,-0.5351999998092651,1
B2,mixamorig9_Spine1,1,0.9980931878089905,0.007746260147541761,0.06121423840522766,0,-0.007962389849126339,0.999958872795105,0.003303716192021966,0,-0.06118888780474663,-0.0037856949493288994,0.9981161952018738,0,0,13.725600242614746,0,1
B3,mixamorig9_Spine2,2,0.9980931878089905,0.007746260147541761,0.06121423840522766,0,-0.007962389849126339,0.999958872795105,0.003303716192021966,0,-0.06118888780474663,-0.0037856949493288994,0.9981161952018738,0,0,15.686400413513184,0,1
B4,mixamorig9_Neck,3,0.999811589717865,-0.017569731920957565,-0.008286521770060062,0,0.017934300005435944,0.9987764954566956,0.04608564078807831,0,0.007465941831469536,-0.046225499361753464,0.9989027976989746,0,0,17.647199630737305,0,1
B5,mixamorig9_Head,4,0.999811589717865,-0.017929157242178917,-0.00747836846858263,0,0.017934300005435944,0.9998387098312378,0.0006036420236341655,0,0.007465941831469536,-0.0007375000277534127,0.9999719262123108,0,0,5.016600131988525,1.8802000284194946,1
B6,mixamorig9_HeadTop_End,5,1,0,0,0,0,1,0,0,0,0,1,0,0,20.74340057373047,7.774600028991699,1
B7,mixamorig9_LeftShoulder,3,0.28251734375953674,0.0018986114300787449,-0.9592562913894653,0,0.763215184211731,-0.6062081456184387,0.2235768884420395,0,-0.5810834765434265,-0.7952893376350403,-0.17272599041461945,0,7.849699974060059,14.776000022888184,-0.11429999768733978,1
B8,mixamorig9_LeftArm,7,0.9921870231628418,-0.01181943528354168,0.12406287342309952,0,-0.04037681594491005,0.9112210869789124,0.40983620285987854,0,-0.11785862594842911,-0.41164594888687134,0.9036611914634705,0,0,16.612699508666992,0,1
B9,mixamorig9_LeftForeArm,8,0.5074136853218079,0.8517023324966431,-0.13088129460811615,0,-0.8223773837089539,0.5240002274513245,0.22161836922168732,0,0.25733551383018494,-0.004816500470042229,0.9663099646568298,0,0,22.575599670410156,0,1
B10,mixamorig9_LeftHand,9,0.9820138812065125,0.024710673838853836,-0.18699656426906586,0,-0.06772951781749725,0.9713290929794312,-0.22739557921886444,0,0.17592716217041016,0.23597663640975952,0.9556198120117188,0,0,23.494800567626953,0,1
B11,mixamorig9_LeftHandThumb1,10,0.9565029740333557,0.2891199290752411,0.03889000043272972,0,-0.2656089961528778,0.8079750537872314,0.525954008102417,0,0.12064192444086075,-0.513405978679657,0.8496230840682983,0,-2.9351999759674072,2.980299949645996,1.212499976158142,1
B12,mixamorig9_LeftHandThumb2,11,0.9969509840011597,0.07721199840307236,0.011250071227550507,0,-0.07700599730014801,0.9968739151954651,-0.017698999494314194,0,-0.012582000344991684,0.01677899993956089,0.999779999256134,0,-0.6079999804496765,3.4307000637054443,0,1
B13,mixamorig9_LeftHandThumb3,12,0.9907619953155518,0.13549800217151642,0.00559999980032444,0,-0.13549500703811646,0.9907780289649963,-0.0009430000209249556,0,-0.005675999913364649,0.00017499999376013875,0.9999840259552002,0,0.10520000010728836,3.407099962234497,0,1
B14,mixamorig9_LeftHandThumb4,13,1,0,0,0,0,1,0,0,0,0,1,0,0.5027999877929688,2.9867000579833984,0,1
B15,mixamorig9_LeftHandIndex1,10,0.9816617965698242,0.1901504546403885,0.013520541600883007,0,-0.16601978242397308,0.8179104924201965,0.5508691072463989,0,0.09368907660245895,-0.5430116653442383,0.8344810605049133,0,-3.5720999240875244,9.847399711608887,0.14309999346733093,1
B16,mixamorig9_LeftHandIndex2,15,0.9981952905654907,0.03150928020477295,0.05112115293741226,0,-0.05891769751906395,0.34931230545043945,0.9351401329040527,0,0.011610182002186775,-0.9364646077156067,0.35053855180740356,0,0.02370000071823597,3.3194000720977783,0,1
B17,mixamorig9_LeftHandIndex3,16,1,-0.00041000000783242285,0.000022000000171829015,0,0.00041000000783242285,1,0,0,-0.000022000000171829015,0,1,0,-0.01209999993443489,3.0680999755859375,0,1
B18,mixamorig9_LeftHandIndex4,17,1,0,0,0,0,1,0,0,0,0,1,0,-0.011599999852478504,2.664099931716919,0,1
B19,mixamorig9_LeftHandMiddle1,10,0.9713446497917175,0.20811903476715088,0.11478152126073837,0,-0.21488410234451294,0.56264728307724,0.7982794642448425,0,0.10155525803565979,-0.8000699877738953,0.5912466645240784,0,-1.0200999975204468,10.081199645996094,-0.2759000062942505,1
B20,mixamorig9_LeftHandMiddle2,19,0.9953061938285828,0.06192590668797493,0.07436773926019669,0,-0.07465013861656189,0.0022692386992275715,0.9971964359283447,0,0.06158503144979477,-0.9980672597885132,0.006882071495056152,0,0.013399999588727951,3.520699977874756,0,1
B21,mixamorig9_LeftHandMiddle3,20,0.9999750256538391,0.007008928805589676,-0.00022200000239536166,0,-0.007008928805589676,0.9999750256538391,0,0,0.00022200000239536166,9.999999974752427e-7,1,0,-0.017899999395012856,3.274600028991699,0,1
B22,mixamorig9_LeftHandMiddle4,21,1,0,0,0,0,1,0,0,0,0,1,0,0.0044999998062849045,2.9179999828338623,0,1
B23,mixamorig9_LeftHandRing1,10,0.98380446434021,0.035412393510341644,0.17571347951889038,0,-0.16528259217739105,0.558562159538269,0.8128272294998169,0,-0.06936226785182953,-0.8287050724029541,0.5553690195083618,0,1.1241999864578247,10.177499771118164,-0.24969999492168427,1
B24,mixamorig9_LeftHandRing2,23,0.9992715716362,0.03582875058054924,0.013108493760228157,0,-0.011477074585855007,-0.04536368325352669,0.9988936185836792,0,0.036383699625730515,-0.99831622838974,-0.044919826090335846,0,-0.008500000461935997,2.742300033569336,0,1
B25,mixamorig9_LeftHandRing3,24,0.9998610019683838,0.016658930107951164,0.0011370000429451466,0,-0.016658930107951164,0.9998610019683838,-0.000012999999853491317,0,-0.001137071056291461,-0.000006000000212225132,0.9999989867210388,0,-0.015399999916553497,2.8440001010894775,0,1
B26,mixamorig9_LeftHandRing4,25,1,0,0,0,0,1,0,0,0,0,1,0,0.024000000208616257,2.1342999935150146,0,1
B27,mixamorig9_LeftHandPinky1,10,0.9732672572135925,-0.0368044413626194,0.22670629620552063,0,-0.19257225096225739,0.4071582853794098,0.8928245902061462,0,-0.12516522407531738,-0.9126150608062744,0.3891858160495758,0,3.4679999351501465,9.103500366210938,-0.039799999445676804,1
B28,mixamorig9_LeftHandPinky2,27,0.9975227117538452,0.06918331235647202,-0.012701410800218582,0,0.004678720608353615,0.11491789668798447,0.9933528304100037,0,0.07018287479877472,-0.990951418876648,0.11430957913398743,0,0.0034000000450760126,2.641700029373169,0,1
B29,mixamorig9_LeftHandPinky3,28,0.9999229907989502,0.012418929487466812,-0.000048928981414064765,0,-0.012418929487466812,0.9999229907989502,0,0,0.000048928981414064765,0,1,0,-0.014100000262260437,2.2011001110076904,0,1
B30,mixamorig9_LeftHandPinky4,29,1,0,0,0,0,1,0,0,0,0,1,0,0.01080000028014183,1.7961000204086304,0,1
B31,mixamorig9_RightShoulder,3,0.017493056133389473,-0.04712967574596405,0.9987325668334961,0,-0.768932044506073,-0.6391094923019409,-0.01669228821992874,0,0.6390869617462158,-0.7676700353622437,-0.04742196202278137,0,-7.849699974060059,14.77750015258789,-0.14710000157356262,1
B32,mixamorig9_RightArm,31,0.8716555237770081,0.4328041672706604,0.22989213466644287,0,-0.48145392537117004,0.6687169671058655,0.5665461421012878,0,0.09148015826940536,-0.6045235991477966,0.7913099527359009,0,0,16.612699508666992,0,1
B33,mixamorig9_RightForeArm,32,0.8596226572990417,-0.3614767789840698,0.3610783815383911,0,0.3357628583908081,0.9323565363883972,0.13403619825839996,0,-0.38511112332344055,0.006015399936586618,0.922847330570221,0,0,22.570600509643555,0,1
B34,mixamorig9_RightHand,33,0.9759090542793274,0.12011295557022095,0.18159212172031403,0,-0.12603874504566193,0.9916871190071106,0.021176574751734734,0,-0.17746572196483612,-0.04362155497074127,0.9831148386001587,0,0,23.49340057373047,0,1
B35,mixamorig9_RightHandThumb1,34,0.9148081541061401,-0.3820198178291321,-0.13106966018676758,0,0.40131327509880066,0.8234348297119141,0.40107762813568115,0,-0.04530096426606178,-0.4195033609867096,0.9066009521484375,0,3.0255000591278076,3.211699962615967,1.4098999500274658,1
B36,mixamorig9_RightHandThumb2,35,0.908804178237915,0.05256010964512825,0.41380658745765686,0,-0.13669978082180023,0.9747641086578369,0.17645202577114105,0,-0.3940902650356293,-0.21690572798252106,0.8930683732032776,0,0.696399986743927,3.639699935913086,0,1
B37,mixamorig9_RightHandThumb3,36,0.9771400094032288,-0.21258999407291412,-0.0016980000073090196,0,0.21258991956710815,0.9771410822868347,-0.00041599999531172216,0,0.0017480000387877226,0.00004600000102072954,0.9999979734420776,0,-0.08560000360012054,3.2702999114990234,0,1
B38,mixamorig9_RightHandThumb4,37,1,0,0,0,0,1,0,0,0,0,1,0,-0.61080002784729,2.4916999340057373,0,1
B39,mixamorig9_RightHandIndex1,34,0.9973095655441284,-0.06318201124668121,-0.037173379212617874,0,0.07329534739255905,0.850644052028656,0.5206071138381958,0,-0.001270793960429728,-0.5219305753707886,0.8529857397079468,0,3.771899938583374,10.28030014038086,0.09109999984502792,1
B40,mixamorig9_RightHandIndex2,39,0.9980691075325012,-0.0011388412676751614,-0.062105726450681686,0,0.0549280010163784,0.48307332396507263,0.873855471611023,0,0.029006099328398705,-0.8755793571472168,0.4822026193141937,0,-0.013500000350177288,3.08870005607605,0,1
B41,mixamorig9_RightHandIndex3,40,0.9999979734420776,0.001841000048443675,-0.00008407101995544508,0,-0.001841000048443675,0.9999979734420776,0,0,0.00008407101995544508,0,1,0,0.004900000058114529,2.968600034713745,0,1
B42,mixamorig9_RightHandIndex4,41,1,0,0,0,0,1,0,0,0,0,1,0,0.00860000029206276,2.4632999897003174,0,1
B43,mixamorig9_RightHandMiddle1,34,0.9944698810577393,-0.07039548456668854,-0.07793333381414413,0,0.10431777685880661,0.7477706670761108,0.6557005047798157,0,0.01211700402200222,-0.6602044105529785,0.7509793043136597,0,0.9696000218391418,10.202899932861328,-0.3716000020503998,1
B44,mixamorig9_RightHandMiddle2,43,0.9964643120765686,-0.007653533946722746,-0.08366931229829788,0,0.07979043573141098,0.398125022649765,0.9138544797897339,0,0.02631702646613121,-0.9172993302345276,0.39732852578163147,0,-0.009499999694526196,3.4802000522613525,0,1
B45,mixamorig9_RightHandMiddle3,44,0.999987006187439,-0.005022999830543995,0.00013699999544769526,0,0.005022999830543995,0.999987006187439,0,0,-0.00013699999544769526,9.999999974752427e-7,1,0,0.012799999676644802,3.263000011444092,0,1
B46,mixamorig9_RightHandMiddle4,45,1,0,0,0,0,1,0,0,0,0,1,0,-0.0031999999191612005,2.9082999229431152,0,1
B47,mixamorig9_RightHandRing1,34,0.9914426803588867,-0.12124891579151154,-0.048364076763391495,0,0.12395882606506348,0.7583236694335938,0.639981746673584,0,-0.04092249646782875,-0.6405008435249329,0.7668648958206177,0,-1.2293000221252441,10.39229965209961,-0.2087000012397766,1
B48,mixamorig9_RightHandRing2,47,0.9965624213218689,-0.08104387670755386,-0.017156023532152176,0,0.039846472442150116,0.2873930037021637,0.956983208656311,0,-0.07262704521417618,-0.9543776512145996,0.2896348536014557,0,0.002899999963119626,2.884500026702881,0,1
B49,mixamorig9_RightHandRing3,48,0.999983012676239,-0.0057680001482367516,-0.00013899999612476677,0,0.0057680001482367516,0.999983012676239,-9.289833542425185e-7,0,0.00013899999612476677,0,1,0,0.005400000140070915,2.646399974822998,0,1
B50,mixamorig9_RightHandRing4,49,1,0,0,0,0,1,0,0,0,0,1,0,-0.00839999970048666,2.253499984741211,0,1
B51,mixamorig9_RightHandPinky1,34,0.9836207628250122,-0.1758299618959427,-0.039652060717344284,0,0.16480500996112823,0.7882474064826965,0.5928759574890137,0,-0.0729912593960762,-0.5897008180618286,0.8043156266212463,0,-3.512200117111206,9.241800308227539,-0.02889999933540821,1
B52,mixamorig9_RightHandPinky2,51,0.988007664680481,-0.15273767709732056,-0.022645823657512665,0,0.047901760786771774,0.16377133131027222,0.9853341579437256,0,-0.14678910374641418,-0.9746021628379822,0.1691238135099411,0,-0.0035000001080334187,2.5352001190185547,0,1
B53,mixamorig9_RightHandPinky3,52,0.9999489784240723,-0.01014500018209219,0.00005199999941396527,0,0.01014500018209219,0.9999489784240723,0,0,-0.00005199999941396527,0,1,0,0.012000000104308128,2.26990008354187,0,1
B54,mixamorig9_RightHandPinky4,53,1,0,0,0,0,1,0,0,0,0,1,0,-0.00839999970048666,1.7288000583648682,0,1
B55,mixamorig9_LeftUpLeg,0,-0.9755660891532898,-0.1299113780260086,0.17707595229148865,0,0.08175035566091537,-0.9630975127220154,-0.256258100271225,0,0.20388402044773102,-0.23553228378295898,0.9502080678939819,0,9.840399742126465,-6.511499881744385,0.9520000219345093,1
B56,mixamorig9_LeftLeg,55,0.9396992325782776,-0.15870119631290436,-0.3028041422367096,0,-0.018392840400338173,0.8609308004379272,-0.5083625316619873,0,0.34136855602264404,0.48325586318969727,0.8061367273330688,0,0,41.17900085449219,0,1
B57,mixamorig9_LeftFoot,56,0.985333263874054,0.14022056758403778,0.09704507887363434,0,-0.14450906217098236,0.3852963447570801,0.911063015460968,0,0.09050025790929794,-0.9117306470870972,0.3999471068382263,0,0,35.32469940185547,0,1
B58,mixamorig9_LeftToeBase,57,0.9826480150222778,-0.05037830024957657,0.17803767323493958,0,-0.15688274800777435,0.2801016867160797,0.9467741250991821,0,-0.09763967245817184,-0.9582960605621338,0.26728564500808716,0,0,19.662200927734375,0,1
B59,mixamorig9_LeftToe_End,58,1,0,0,0,0,1,0,0,0,0,1,0,0,7.87060022354126,0,1
B60,mixamorig9_RightUpLeg,0,-0.994434118270874,0.014735782518982887,-0.10422110557556152,0,-0.07983508706092834,-0.7509526610374451,0.6553686261177063,0,-0.068666473031044,0.6600499749183655,0.747962236404419,0,-9.840399742126465,-6.511499881744385,0.2425999939441681,1
B61,mixamorig9_RightLeg,60,0.9999777674674988,-0.0021880604326725006,-0.006269446574151516,0,-0.0010222687851637602,0.8813256025314331,-0.47091391682624817,0,0.006573440507054329,0.4709094762802124,0.8813042640686035,0,0,41.14780044555664,0,1
B62,mixamorig9_RightFoot,61,0.9976619482040405,-0.03263349458575249,-0.05988060310482979,0,0.06830743700265884,0.47136589884757996,0.8785067200660706,0,-0.0004912861622869968,-0.880545437335968,0.4724915623664856,0,0,35.326698303222656,0,1
B63,mixamorig9_RightToeBase,62,0.9933409690856934,0.03261176496744156,-0.11035791784524918,0,0.08042319864034653,0.48986318707466125,0.8679071068763733,0,0.08231629431247711,-0.871018648147583,0.48397600650787354,0,0,20.054500579833984,0,1
B64,mixamorig9_RightToe_End,63,1,0,0,0,0,1,0,0,0,0,1,0,0,8.012900352478027,0,1
@52,0,1,2,3,4,5,7,8,9,10,11,12,13,15,16,17,19,20,21,23,24,25,27,28,29,31,32,33,34,35,36,37,39,40,41,43,44,45,47,48,49,51,52,53,55,56,57,58,60,61,62,63
K0.000,0.9987689852714539,-0.01804099977016449,-0.04620400071144104,0,0.01882600039243698,0.9996849894523621,0.01660900004208088,0,0.045889999717473984,-0.017458999529480934,0.9987940192222595,0,-0.24225400388240814,95.770263671875,-0.37933099269866943,1,0.9999679923057556,-0.0033309999853372574,-0.007209000177681446,0,0.003025999991223216,0.9991210103034973,-0.041815001517534256,0,0.007342000026255846,0.04179200157523155,0.9990990161895752,0,0,11.752699851989746,-0.5351999998092651,1,0.9998890161514282,0.009291999973356724,-0.011614999733865261,0,-0.009212999604642391,0.9999340176582336,0.006825000047683716,0,0.0116779999807477,-0.0067170001566410065,0.999908983707428,0,0,13.725600242614746,0,1,0.9998890161514282,0.009291999973356724,-0.011614999733865261,0,-0.009212999604642391,0.9999340176582336,0.006825000047683716,0,0.0116779999807477,-0.0067170001566410065,0.999908983707428,0,0,15.686400413513184,0,1,0.9999719858169556,-0.007143999915570021,0.002331000054255128,0,0.007031000219285488,0.9989399909973145,0.04550100117921829,0,-0.0026539999525994062,-0.04548399895429611,0.9989619851112366,0,0,17.647199630737305,0,1,0.9999719858169556,-0.007031000219285488,0.0026539999525994062,0,0.007031000219285488,0.9999750256538391,0.000012000000424450263,0,-0.0026539999525994062,0.000007000000096013537,0.9999960064888,0,0,5.016600131988525,1.8802000284194946,1,0.22889000177383423,0.013965999707579613,-0.9733520150184631,0,0.7771300077438354,-0.6047890186309814,0.17406900227069855,0,-0.5862410068511963,-0.7962639927864075,-0.1492840051651001,0,7.849699974060059,14.776000022888184,-0.11429999768733978,1,0.9893010258674622,-0.08828700333833694,0.11614099889993668,0,0.015529000200331211,0.8552989959716797,0.5179010033607483,0,-0.1450590044260025,-0.5105569958686829,0.8475199937820435,0,0,16.612699508666992,0,1,0.8104569911956787,0.5261420011520386,-0.25755199790000916,0,-0.4652419984340668,0.8452799916267395,0.26277801394462585,0,0.35596200823783875,-0.09314700216054916,0.929847002029419,0,0,22.575599670410156,0,1,0.9457910060882568,0.06530600041151047,-0.31814199686050415,0,-0.12713900208473206,0.9758470058441162,-0.17764900624752045,0,0.2988559901714325,0.2084670066833496,0.9312499761581421,0,0,23.494800567626953,0,1,0.9565029740333557,0.28911998867988586,0.03889000043272972,0,-0.2656089961528778,0.8079749941825867,0.525954008102417,0,0.12064100056886673,-0.513405978679657,0.8496230244636536,0,-2.9351999759674072,2.980299949645996,1.212499976158142,1,0.9969509840011597,0.07721199840307236,0.011250000447034836,0,-0.0770070031285286,0.9968730211257935,-0.017698999494314194,0,-0.012582000344991684,0.01677899993956089,0.999779999256134,0,-0.6079999804496765,3.4307000637054443,0,1,0.9907619953155518,0.13549800217151642,0.00559999980032444,0,-0.13549500703811646,0.9907780289649963,-0.0009430000209249556,0,-0.005675999913364649,0.00017499999376013875,0.9999840259552002,0,0.10520000010728836,3.407099962234497,0,1,0.9878299832344055,0.15396100282669067,0.022082999348640442,0,-0.12964800000190735,0.7366369962692261,0.6637449860572815,0,0.08592399954795837,-0.6585310101509094,0.7476329803466797,0,-3.5720999240875244,9.847399711608887,0.14309999346733093,1,0.9967619776725769,0.037450000643730164,0.07116000354290009,0,-0.07558099925518036,0.13416799902915955,0.9880719780921936,0,0.027456000447273254,-0.9902510046958923,0.1365640014410019,0,0.02370000071823597,3.3194000720977783,0,1,1,-0.00041000000783242285,0.000022000000171829015,0,0.00041000000783242285,1,0,0,-0.000022000000171829015,0,1,0,-0.01209999993443489,3.0680999755859375,0,1,0.9765310287475586,0.1760690063238144,0.12404599785804749,0,-0.1918189972639084,0.4490649998188019,0.8726660013198853,0,0.09794499725103378,-0.875980019569397,0.4722990095615387,0,-1.0200999975204468,10.081199645996094,-0.2759000062942505,1,0.9938859939575195,0.06111700087785721,0.09195700287818909,0,-0.07656700164079666,-0.21856600046157837,0.9728140234947205,0,0.0795539990067482,-0.9739059805870056,-0.21254999935626984,0,0.013399999588727951,3.520699977874756,0,1,0.9999750256538391,0.007007999811321497,-0.0002209999947808683,0,-0.007007999811321497,0.9999750256538391,0,0,0.0002209999947808683,0,1,0,-0.017899999395012856,3.274600028991699,0,1,0.9818029999732971,0.004280999768525362,0.1898539960384369,0,-0.17225000262260437,0.4410080015659332,0.8808190226554871,0,-0.07995600253343582,-0.8974930047988892,0.4337199926376343,0,1.1241999864578247,10.177499771118164,-0.24969999492168427,1,0.9991859793663025,0.03648599982261658,0.017224999144673347,0,-0.006953999865800142,-0.26478898525238037,0.9642810225486755,0,0.03974299877882004,-0.9636160135269165,-0.2643190026283264,0,-0.008500000461935997,2.742300033569336,0,1,0.9998610019683838,0.016658000648021698,0.0011370000429451466,0,-0.016658000648021698,0.9998610019683838,-0.000012999999853491317,0,-0.0011370000429451466,-0.000006000000212225132,0.9999989867210388,0,-0.015399999916553497,2.8440001010894775,0,1,0.9672709703445435,-0.06566599756479263,0.24510200321674347,0,-0.21777699887752533,0.2809160053730011,0.9346969723701477,0,-0.13023099303245544,-0.9574829936027527,0.25742098689079285,0,3.4679999351501465,9.103500366210938,-0.039799999445676804,1,0.9973729848861694,0.07058899849653244,-0.016235999763011932,0,0.023716000840067863,-0.10644599795341492,0.9940360188484192,0,0.06843999773263931,-0.9918100237846375,-0.10784000158309937,0,0.0034000000450760126,2.641700029373169,0,1,0.9999229907989502,0.012418000027537346,-0.000048000001697801054,0,-0.012418000027537346,0.9999229907989502,0,0,0.000048000001697801054,0,1,0,-0.014100000262260437,2.2011001110076904,0,1,0.09770900011062622,-0.03207999840378761,0.9946979880332947,0,-0.7870039939880371,-0.6142619848251343,0.057496000081300735,0,0.6091610193252563,-0.7884500026702881,-0.08526600152254105,0,-7.849699974060059,14.77750015258789,-0.14710000157356262,1,0.940608024597168,0.32932499051094055,-0.08247599750757217,0,-0.22463199496269226,0.7858759760856628,0.5761420130729675,0,0.25455400347709656,-0.5233970284461975,0.8131780028343201,0,0,16.612699508666992,0,1,0.8928139805793762,-0.4132620096206665,0.17916099727153778,0,0.35674700140953064,0.8916109800338745,0.2788580060005188,0,-0.2749829888343811,-0.1850540041923523,0.9434720277786255,0,0,22.570600509643555,0,1,0.919668972492218,0.03236199915409088,0.39135900139808655,0,0.005313999950885773,0.9954820275306702,-0.09480500221252441,0,-0.392657995223999,0.0892689973115921,0.9153419733047485,0,0,23.49340057373047,0,1,0.9517989754676819,-0.29820799827575684,-0.0717649981379509,0,0.30477699637413025,0.8932049870491028,0.33059799671173096,0,-0.03448599949479103,-0.3365350067615509,0.9410390257835388,0,3.0255000591278076,3.211699962615967,1.4098999500274658,1,0.9234820008277893,0.020221000537276268,0.383107990026474,0,-0.08737900108098984,0.9834499955177307,0.15871800482273102,0,-0.37355801463127136,-0.18004900217056274,0.9099649786949158,0,0.696399986743927,3.639699935913086,0,1,0.9771400094032288,-0.21258999407291412,-0.0016980000073090196,0,0.21258899569511414,0.9771419763565063,-0.00041599999531172216,0,0.0017480000387877226,0.00004600000102072954,0.9999979734420776,0,-0.08560000360012054,3.2702999114990234,0,1,0.9968960285186768,-0.0666939988732338,-0.041825998574495316,0,0.07835099846124649,0.7889189720153809,0.6094809770584106,0,-0.007652000058442354,-0.6108670234680176,0.7916960120201111,0,3.771899938583374,10.28030014038086,0.09109999984502792,1,0.9975259900093079,-0.004534999839961529,-0.07015900313854218,0,0.0663750022649765,0.38972800970077515,0.9185349941253662,0,0.023176999762654305,-0.9209190011024475,0.3890640139579773,0,-0.013500000350177288,3.08870005607605,0,1,0.9999979734420776,0.001841000048443675,-0.00008499999967170879,0,-0.001841000048443675,0.9999979734420776,0,0,0.00008499999967170879,0,1,0,0.004900000058114529,2.968600034713745,0,1,0.9938660264015198,-0.07311899960041046,-0.08296799659729004,0,0.11056199669837952,0.673812985420227,0.7305830121040344,0,0.0024850000627338886,-0.7352749705314636,0.6777650117874146,0,0.9696000218391418,10.202899932861328,-0.3716000020503998,1,0.9957380294799805,-0.009425999596714973,-0.09174499660730362,0,0.0905660018324852,0.2879349887371063,0.953357994556427,0,0.017430000007152557,-0.9576039910316467,0.28756099939346313,0,-0.009499999694526196,3.4802000522613525,0,1,0.999987006187439,-0.005022999830543995,0.00013699999544769526,0,0.005022999830543995,0.999987006187439,0,0,-0.00013699999544769526,0,1,0,0.012799999676644802,3.263000011444092,0,1,0.990077018737793,-0.12873800098896027,-0.056334998458623886,0,0.12966099381446838,0.6823729872703552,0.7194129824638367,0,-0.05417399853467941,-0.7195789813995361,0.6922940015792847,0,-1.2293000221252441,10.39229965209961,-0.2087000012397766,1,0.9962239861488342,-0.08353699743747711,-0.02364099957048893,0,0.036896999925374985,0.16088999807834625,0.9862819910049438,0,-0.07858800143003464,-0.9834309816360474,0.16336500644683838,0,0.002899999963119626,2.884500026702881,0,1,0.999983012676239,-0.0057680001482367516,-0.00013899999612476677,0,0.0057680001482367516,0.999983012676239,0,0,0.00013899999612476677,0,1,0,0.005400000140070915,2.646399974822998,0,1,0.9798280000686646,-0.19266800582408905,-0.05306699872016907,0,0.1776300072669983,0.717976987361908,0.6730210185050964,0,-0.0915680006146431,-0.6688709855079651,0.7377169728279114,0,-3.512200117111206,9.241800308227539,-0.02889999933540821,1,0.9874230027198792,-0.15563499927520752,-0.0278290007263422,0,0.03525000065565109,0.04512599855661392,0.9983590245246887,0,-0.15412400662899017,-0.9867830276489258,0.05004499852657318,0,-0.0035000001080334187,2.5352001190185547,0,1,0.9999489784240723,-0.01014500018209219,0.00005199999941396527,0,0.01014500018209219,0.9999489784240723,0,0,-0.00005199999941396527,0,1,0,0.012000000104308128,2.26990008354187,0,1,-0.9870380163192749,-0.07005400210618973,0.14439299702644348,0,0.12139999866485596,-0.9143720269203186,0.3862450122833252,0,0.10497099906206131,0.39876800775527954,0.9110239744186401,0,9.840399742126465,-6.511499881744385,0.9520000219345093,1,0.9993450045585632,-0.03616499900817871,-0.0011609999928623438,0,0.014844999648630619,0.4390519857406616,-0.8983389735221863,0,0.03299900144338608,0.8977329730987549,0.439301997423172,0,0,41.17900085449219,0,1,0.996815025806427,0.035909999161958694,0.07119999825954437,0,-0.07876600325107574,0.5826810002326965,0.8088750243186951,0,-0.012439999729394913,-0.8119080066680908,0.5836529731750488,0,0,35.32469940185547,0,1,0.9969689846038818,-0.03439199924468994,0.06978499889373779,0,-0.026020999997854233,0.6979259848594666,0.7156969904899597,0,-0.07331900298595428,-0.7153440117835999,0.6949160099029541,0,0,19.662200927734375,0,1,-0.9890260100364685,-0.05265500023961067,-0.13804200291633606,0,0.03216399997472763,-0.9886620044708252,0.14666999876499176,0,-0.14419999718666077,0.14061999320983887,0.9795060157775879,0,-9.840399742126465,-6.511499881744385,0.2425999939441681,1,0.9892669916152954,0.07519099861383438,0.1252879947423935,0,-0.034255001693964005,0.9528840184211731,-0.3013949990272522,0,-0.1420470029115677,0.2938680052757263,0.9452319741249084,0,0,41.14780044555664,0,1,0.9886540174484253,-0.13307499885559082,-0.06967300176620483,0,0.12469299882650375,0.46845000982284546,0.874646008014679,0,-0.0837550014257431,-0.8734099864959717,0.4797289967536926,0,0,35.326698303222656,0,1,0.9946699738502502,0.005508000031113625,-0.10296300053596497,0,0.06877800077199936,0.7085189819335938,0.7023320198059082,0,0.0768200010061264,-0.7056699991226196,0.704364001750946,0,0,20.054500579833984,0,1
K0.033,0.9995369911193848,-0.018234053626656532,-0.024340815842151642,0,0.01865305006504059,0.9996799826622009,0.017072981223464012,0,0.02402181550860405,-0.01751898042857647,0.9995579719543457,0,-0.33026447892189026,96.27107238769531,-0.7578553557395935,1,0.9999129772186279,-0.006540005095303059,-0.011472036130726337,0,0.006059003993868828,0.9991210103034973,-0.041473980993032455,0,0.011733036488294601,0.041400980204343796,0.9990739822387695,0,0,11.752699851989746,-0.5351999998092651,1,0.9997230172157288,0.0038429726846516132,-0.02320609800517559,0,-0.0036699706688523293,0.9999650120735168,0.007490038406103849,0,0.02323409914970398,-0.007403038442134857,0.9997029900550842,0,0,13.725600242614746,0,1,0.9997230172157288,0.0038429726846516132,-0.02320609800517559,0,-0.0036699706688523293,0.9999650120735168,0.007490038406103849,0,0.02323409914970398,-0.007403038442134857,0.9997029900550842,0,0,15.686400413513184,0,1,0.9999899864196777,-0.0028839437291026115,0.0034510164987295866,0,0.002712942659854889,0.9988129734992981,0.04864100366830826,0,-0.0035870138090103865,-0.048631004989147186,0.9988099932670593,0,0,17.647199630737305,0,1,0.9999899864196777,-0.0027239429764449596,0.003579013980925083,0,0.002712942659854889,0.9999909996986389,0.0031550030689686537,0,-0.0035870138090103865,-0.0031450032256543636,0.9999889731407166,0,0,5.016600131988525,1.8802000284194946,1,0.20871390402317047,0.01911201700568199,-0.9777899980545044,0,0.7899240255355835,-0.5927590131759644,0.15702590346336365,0,-0.5765929818153381,-0.8051530122756958,-0.13881395757198334,0,7.849699974060059,14.776000022888184,-0.11429999768733978,1,0.9817008972167969,-0.16731169819831848,0.09094550460577011,0,0.08886083215475082,0.8248637914657593,0.5583040714263916,0,-0.1684279888868332,-0.5400059819221497,0.8246369957923889,0,0,16.612699508666992,0,1,0.8273779153823853,0.5035630464553833,-0.24873609840869904,0,-0.45150309801101685,0.8597479462623596,0.23870199918746948,0,0.33405208587646484,-0.08519191294908524,0.9386969804763794,0,0,22.575599670410156,0,1,0.9320180416107178,0.0797339603304863,-0.3535327911376953,0,-0.14299093186855316,0.977262020111084,-0.15656203031539917,0,0.33301183581352234,0.19647099077701569,0.9222270846366882,0,0,23.494800567626953,0,1,0.9565029740333557,0.28911998867988586,0.03889000043272972,0,-0.2656089961528778,0.8079749941825867,0.525954008102417,0,0.12064100056886673,-0.513405978679657,0.8496230244636536,0,-2.9351999759674072,2.980299949645996,1.212499976158142,1,0.9969509840011597,0.07721199840307236,0.011250000447034836,0,-0.07700599730014801,0.9968739748001099,-0.017698999494314194,0,-0.012582000344991684,0.01677899993956089,0.999779999256134,0,-0.6079999804496765,3.4307000637054443,0,1,0.9907619953155518,0.13549800217151642,0.00559999980032444,0,-0.13549500703811646,0.9907780289649963,-0.0009430000209249556,0,-0.005675999913364649,0.00017499999376013875,0.9999840259552002,0,0.10520000010728836,3.407099962234497,0,1,0.9873319864273071,0.15721602737903595,0.02140399068593979,0,-0.1339610517024994,0.7536881566047668,0.6434347629547119,0,0.08502698689699173,-0.6381517648696899,0.7652011513710022,0,-3.5720999240875244,9.847399711608887,0.14309999346733093,1,0.9971349835395813,0.03644298389554024,0.06627894937992096,0,-0.07194195687770844,0.18639756739139557,0.9798368811607361,0,0.023353956639766693,-0.9817978739738464,0.1884845644235611,0,0.02370000071823597,3.3194000720977783,0,1,1,-0.00041000000783242285,0.00002300000051036477,0,0.00041000000783242285,1,0,0,-0.00002300000051036477,0,1,0,-0.01209999993443489,3.0680999755859375,0,1,0.9761030077934265,0.1791190356016159,0.12304198741912842,0,-0.19497603178024292,0.4718612730503082,0.8598438501358032,0,0.09595596790313721,-0.8632858395576477,0.4955092668533325,0,-1.0200999975204468,10.081199645996094,-0.2759000062942505,1,0.9942299723625183,0.06164500489830971,0.0877869576215744,0,-0.07647400349378586,-0.1665654182434082,0.9830600619316101,0,0.07522295415401459,-0.9841010570526123,-0.16089043021202087,0,0.013399999588727951,3.520699977874756,0,1,0.9999750256538391,0.007009000051766634,-0.00022199998784344643,0,-0.007009000051766634,0.9999750256538391,0,0,0.00022199998784344643,0,1,0,-0.017899999395012856,3.274600028991699,0,1,0.9819989800453186,0.007571033202111721,0.18873198330402374,0,-0.17060498893260956,0.4643692672252655,0.8690539002418518,0,-0.08106201142072678,-0.8856088519096375,0.4573022723197937,0,1.1241999864578247,10.177499771118164,-0.24969999492168427,1,0.9992039799690247,0.03642899543046951,0.016238989308476448,0,-0.008099012076854706,-0.21333643794059753,0.9769451022148132,0,0.03905399143695831,-0.9762991070747375,-0.21287143230438232,0,-0.008500000461935997,2.742300033569336,0,1,0.9998610019683838,0.016659000888466835,0.0011370000429451466,0,-0.016659000888466835,0.9998610019683838,-0.000012999999853491317,0,-0.0011370000429451466,-0.000006000000212225132,0.9999989867210388,0,-0.015399999916553497,2.8440001010894775,0,1,0.9678320288658142,-0.0623459666967392,0.24374797940254211,0,-0.21394895017147064,0.30583229660987854,0.927734911441803,0,-0.13238702714443207,-0.9500418901443481,0.2826552987098694,0,3.4679999351501465,9.103500366210938,-0.039799999445676804,1,0.9974150061607361,0.07018399238586426,-0.015424991026520729,0,0.019225949421525,-0.05381641909480095,0.9983659982681274,0,0.06923900544643402,-0.9960809946060181,-0.05502641946077347,0,0.0034000000450760126,2.641700029373169,0,1,0.9999229907989502,0.012419000267982483,-0.000048000001697801054,0,-0.012419000267982483,0.9999229907989502,0,0,0.000048000001697801054,0,1,0,-0.014100000262260437,2.2011001110076904,0,1,0.11138008534908295,-0.03002399578690529,0.9933239817619324,0,-0.7935701012611389,-0.6043558120727539,0.07071509212255478,0,0.5981978178024292,-0.7961481213569641,-0.0911400318145752,0,-7.849699974060059,14.77750015258789,-0.14710000157356262,1,0.9260351061820984,0.3503773808479309,-0.14033949375152588,0,-0.21005523204803467,0.7873371839523315,0.5796359181404114,0,0.3135860562324524,-0.5072840452194214,0.8026999235153198,0,0,16.612699508666992,0,1,0.8210785984992981,-0.5600956678390503,0.11010464280843735,0,0.5045666694641113,0.8023494482040405,0.3188241720199585,0,-0.2669149935245514,-0.20622412860393524,0.9413970112800598,0,0,22.570600509643555,0,1,0.8903619647026062,0.13592274487018585,0.43448886275291443,0,-0.10350072383880615,0.989832878112793,-0.09755721688270569,0,-0.44333192706108093,0.04189089313149452,0.895378053188324,0,0,23.49340057373047,0,1,0.9485679268836975,-0.30784711241722107,-0.07381902635097504,0,0.31395313143730164,0.8848338723182678,0.3442411422729492,0,-0.04065607860684395,-0.34971216320991516,0.9359749555587769,0,3.0255000591278076,3.211699962615967,1.4098999500274658,1,0.9295309782028198,0.017330903559923172,0.3683379590511322,0,-0.07998087257146835,0.984591007232666,0.15551096200942993,0,-0.3599669635295868,-0.17401191592216492,0.9165940284729004,0,0.696399986743927,3.639699935913086,0,1,0.9771400094032288,-0.21258999407291412,-0.0016980000073090196,0,0.21258899569511414,0.9771419763565063,-0.00041599999531172216,0,0.0017480000387877226,0.00004600000102072954,0.9999979734420776,0,-0.08560000360012054,3.2702999114990234,0,1,0.9968270063400269,-0.06694900989532471,-0.04305601119995117,0,0.07904800772666931,0.7690738439559937,0.6342521905899048,0,-0.009349015541374683,-0.6356431841850281,0.7719258069992065,0,3.771899938583374,10.28030014038086,0.09109999984502792,1,0.9974309802055359,-0.005074006039649248,-0.07145701348781586,0,0.06822602450847626,0.37140581011772156,0.9259610772132874,0,0.021840985864400864,-0.9284570813179016,0.3707968294620514,0,-0.013500000350177288,3.08870005607605,0,1,0.9999979734420776,0.0018400000408291817,-0.00008399999933317304,0,-0.0018400000408291817,0.9999979734420776,0,0,0.00008399999933317304,0,1,0,0.004900000058114529,2.968600034713745,0,1,0.993573009967804,-0.07474100589752197,-0.08501401543617249,0,0.11319701373577118,0.6546658277511597,0.7473941445350647,0,-0.00020502341794781387,-0.7522141337394714,0.6589187979698181,0,0.9696000218391418,10.202899932861328,-0.3716000020503998,1,0.9956219792366028,-0.009856004267930984,-0.0929500162601471,0,0.09214301407337189,0.27051782608032227,0.9582950472831726,0,0.015698980540037155,-0.9626650810241699,0.27024081349372864,0,-0.009499999694526196,3.4802000522613525,0,1,0.999987006187439,-0.005022999830543995,0.00013699999544769526,0,0.005022999830543995,0.999987006187439,0,0,-0.00013699999544769526,0,1,0,0.012799999676644802,3.263000011444092,0,1,0.9897109866142273,-0.1307220160961151,-0.05817801132798195,0,0.13113000988960266,0.665966808795929,0.7343651056289673,0,-0.05725302919745445,-0.7344381213188171,0.6762568354606628,0,-1.2293000221252441,10.39229965209961,-0.2087000012397766,1,0.9961619973182678,-0.08392299711704254,-0.024872010573744774,0,0.0364999957382679,0.1400027871131897,0.9894779920578003,0,-0.07955800741910934,-0.9865880012512207,0.14252878725528717,0,0.002899999963119626,2.884500026702881,0,1,0.999983012676239,-0.0057680001482367516,-0.00013899999612476677,0,0.0057680001482367516,0.999983012676239,0,0,0.00013899999612476677,0,1,0,0.005400000140070915,2.646399974822998,0,1,0.9790819883346558,-0.19571201503276825,-0.05563301593065262,0,0.1796800047159195,0.7033869028091431,0.6877221465110779,0,-0.09546403586864471,-0.6833330988883972,0.7238388657569885,0,-3.512200117111206,9.241800308227539,-0.02889999933540821,1,0.9873219728469849,-0.15607599914073944,-0.02889101207256317,0,0.032770972698926926,0.022341754287481308,0.9992129802703857,0,-0.15530800819396973,-0.987492024898529,0.027173753827810287,0,-0.0035000001080334187,2.5352001190185547,0,1,0.9999489784240723,-0.01014500018209219,0.00005199999941396527,0,0.01014500018209219,0.9999489784240723,0,0,-0.00005199999941396527,0,1,0,0.012000000104308128,2.26990008354187,0,1,-0.9883459806442261,-0.05409093201160431,0.14228886365890503,0,0.11245790868997574,-0.8894258141517639,0.44302836060523987,0,0.102591872215271,0.4538673162460327,0.8851438164710999,0,9.840399742126465,-6.511499881744385,0.9520000219345093,1,0.9995070099830627,-0.012901770882308483,0.028608350083231926,0,0.031030092388391495,0.5427542924880981,-0.8393179774284363,0,-0.004698454402387142,0.839792013168335,0.5428873300552368,0,0,41.17900085449219,0,1,0.9964450001716614,0.041692107915878296,0.07320201396942139,0,-0.08411306887865067,0.540519654750824,0.8371161818504333,0,-0.004665880464017391,-0.8402981758117676,0.5421046614646912,0,0,35.32469940185547,0,1,0.9959918856620789,-0.0160748939961195,0.08799189329147339,0,-0.051367729902267456,0.7025389075279236,0.7097880244255066,0,-0.07322753220796585,-0.7114630937576294,0.6988978385925293,0,0,19.662200927734375,0,1,-0.9872109889984131,-0.048301924020051956,-0.15192613005638123,0,0.03785501793026924,-0.9967629909515381,0.07092338055372238,0,-0.15486012399196625,0.06426538527011871,0.9858440160751343,0,-9.840399742126465,-6.511499881744385,0.2425999939441681,1,0.987019956111908,0.07744412124156952,0.1406911313533783,0,-0.036852072924375534,0.9618890285491943,-0.2709450423717499,0,-0.15631216764450073,0.26224303245544434,0.9522579312324524,0,0,41.14780044555664,0,1,0.9872230291366577,-0.14339807629585266,-0.06948001682758331,0,0.12853901088237762,0.4589747190475464,0.8791021108627319,0,-0.09417209774255753,-0.8768011331558228,0.47154173254966736,0,0,35.326698303222656,0,1,0.9948130249977112,0.004139991011470556,-0.10163801163434982,0,0.0691940188407898,0.704850971698761,0.7059720158576965,0,0.07456300407648087,-0.7093430161476135,0.7009090185165405,0,0,20.054500579833984,0,1
