0.533,30,15,65
B0,mixamorig9_Hips,-1,0.9986483454704285,-0.005592350382357836,-0.05127573013305664,0,0.005525112152099609,0.9999831914901733,-0.0012947149807587266,0,0.05128128081560135,0.001011505606584251,0.9986627101898193,0,-0.44698023796081543,96.45744323730469,-0.8921590447425842,1
B1,mixamorig9_Spine,0,0.9877913594245911,0.13984130322933197,-0.06832315772771835,0,-0.14914663136005402,0.9759853482246399,-0.15869136154651642,0,0.04448799788951874,0.1669701337814331,0.9849478006362915,0,0,11.752655029296875,-0.5351889729499817,1
B2,mixamorig9_Spine1,1,0.9992570877075195,-0.03672756999731064,-0.01161650288850069,0,0.03745677322149277,0.9968082904815674,0.07048580795526505,0,0.008990170434117317,-0.07086995244026184,0.9974446296691895,0,0,13.725627899169922,0,1
B3,mixamorig9_Spine2,2,0.9993038773536682,-0.035983480513095856,-0.009741191752254963,0,0.03658590093255043,0.9967984557151794,0.07108323276042938,0,0.007152414880692959,-0.07139097899198532,0.9974226951599121,0,0,15.686443328857422,0,1
B4,mixamorig9_Neck,3,0.9961017370223999,-0.0038880237843841314,-0.08811978250741959,0,-0.009120242670178413,0.9891268014907837,-0.1467607468366623,0,0.08773325383663177,0.14699214696884155,0.9852349758148193,0,0,17.647235870361328,0,1
B5,mixamorig9_Head,4,0.996243417263031,-0.0013345013139769435,-0.08658317476511002,0,-0.014223547652363777,0.9837781190872192,-0.1788250058889389,0,0.08541706204414368,0.17938455939292908,0.9800633192062378,0,0,5.016602039337158,1.880221962928772,1
B6,mixamorig9_HeadTop_End,5,1,0,0,0,0,1,0,0,0,0,1,0,0,20.743392944335938,7.774619102478027,1
B7,mixamorig9_LeftShoulder,3,-0.1266036033630371,-0.008709298446774483,-0.9919147491455078,0,0.9174196124076843,-0.3813093304634094,-0.1137460470199585,0,-0.3772355020046234,-0.9244036078453064,0.05626736953854561,0,7.849732875823975,14.775958061218262,-0.11429399996995926,1
B8,mixamorig9_LeftArm,7,0.4858821928501129,0.6970092058181763,-0.5272821187973022,0,-0.2640995383262634,0.6921690106391907,0.6716252565383911,0,0.8331317901611328,-0.18708840012550354,0.5204535722732544,0,0,16.61266326904297,0,1
B9,mixamorig9_LeftForeArm,8,0.8745694756507874,0.4847428500652313,0.007098573725670576,0,-0.4847935438156128,0.8744407892227173,0.015005996450781822,0,0.001070563681423664,-0.016565199941396713,0.999862015247345,0,0,22.57557487487793,0,1
B10,mixamorig9_LeftHand,9,0.8599818348884583,-0.09125249832868576,0.5019826889038086,0,0.0526730976998806,0.9943370223045349,0.09043403714895248,0,-0.5073122978210449,-0.051379814743995667,0.8600904941558838,0,0,23.494800567626953,0,1
B11,mixamorig9_LeftHandThumb1,10,0.9271299839019775,0.37279200553894043,-0.038148000836372375,0,-0.34459298849105835,0.8881210088729858,0.3041340112686157,0,0.14725899696350098,-0.2688260078430176,0.951865017414093,0,-2.935167074203491,2.980319023132324,1.2125229835510254,1
B12,mixamorig9_LeftHandThumb2,11,0.9864280223846436,-0.16413800418376923,-0.004377999808639288,0,0.16210399568080902,0.9777539968490601,-0.13311199843883514,0,0.026128999888896942,0.13059599697589874,0.9910910129547119,0,-0.6080430150032043,3.4306960105895996,0,1
B13,mixamorig9_LeftHandThumb3,12,0.9926000237464905,0.11664599925279617,-0.03374499827623367,0,-0.12141172587871552,0.9581419825553894,-0.25927600264549255,0,0.0020890000741928816,0.2614542543888092,0.9652140140533447,0,0.10523200035095215,3.4070560932159424,0,1
B14,mixamorig9_LeftHandThumb4,13,1,0,0,0,0,1,0,0,0,0,1,0,0.5028110146522522,2.986706018447876,0,1
B15,mixamorig9_LeftHandIndex1,10,0.9853500127792358,0.1681009978055954,0.028749000281095505,0,-0.16817399859428406,0.9297729730606079,0.32747501134872437,0,0.028318999335169792,-0.3275119960308075,0.9444220066070557,0,-3.5721371173858643,9.84743595123291,0.14308899641036987,1
B16,mixamorig9_LeftHandIndex2,15,0.9992709755897522,-0.03797828033566475,-0.003891000058501959,0,0.03795799985527992,0.9774330258369446,0.20780900120735168,0,-0.004089000169187784,-0.20780499279499054,0.9781619906425476,0,0.02371799945831299,3.3193790912628174,0,1
B17,mixamorig9_LeftHandIndex3,16,0.9998810291290283,-0.015382000245153904,-0.0013500000350177288,0,0.015434999950230122,0.9931880235671997,0.1154949963092804,0,-0.0004360000020824373,-0.1155019998550415,0.9933069944381714,0,-0.012113000266253948,3.068049907684326,0,1
B18,mixamorig9_LeftHandIndex4,17,1,0,0,0,0,1,0,0,0,0,1,0,-0.011605000123381615,2.6640639305114746,0,1
B19,mixamorig9_LeftHandMiddle1,10,0.9827449917793274,0.17963571846485138,0.04407599940896034,0,-0.18461699783802032,0.9380580186843872,0.29319673776626587,0,0.01132272183895111,-0.29627498984336853,0.9550359845161438,0,-1.0200649499893188,10.081247329711914,-0.2758679986000061,1
B20,mixamorig9_LeftHandMiddle2,19,0.9992499947547913,-0.03846000134944916,-0.004408000037074089,0,0.03847400099039078,0.9740599989891052,0.22299599647521973,0,-0.004282721783965826,-0.22299900650978088,0.9748089909553528,0,0.013369999825954437,3.5206940174102783,0,1
B21,mixamorig9_LeftHandMiddle3,20,0.9999099969863892,-0.01333799958229065,-0.0015660000499337912,0,0.013419999741017818,0.9878519773483276,0.15481500327587128,0,-0.0005179999861866236,-0.15482200682163239,0.9879419803619385,0,-0.017875000834465027,3.274614095687866,0,1
B22,mixamorig9_LeftHandMiddle4,21,1,0,0,0,0,1,0,0,0,0,1,0,0.004505000077188015,2.917962074279785,0,1
B23,mixamorig9_LeftHandRing1,10,0.9740250110626221,0.2149759978055954,0.07113427668809891,0,-0.2264299988746643,0.9275410175323486,0.2973160147666931,0,-0.0020639998838305473,-0.30570000410079956,0.9521260261535645,0,1.1241849660873413,10.177492141723633,-0.24965800344944,1
B24,mixamorig9_LeftHandRing2,23,0.9993799924850464,-0.034901998937129974,-0.0046709999442100525,0,0.03506600111722946,0.974295973777771,0.22252671420574188,0,-0.0032160000409930944,-0.22255200147628784,0.9749150276184082,0,-0.00854399986565113,2.7422919273376465,0,1
B25,mixamorig9_LeftHandRing3,24,0.9999790191650391,-0.006370000075548887,0.0010949999559670687,0,0.0061240000650286674,0.9879770278930664,0.15448200702667236,0,-0.002065999899059534,-0.1544719934463501,0.9879950284957886,0,-0.015407999977469444,2.843964099884033,0,1
B26,mixamorig9_LeftHandRing4,25,1,0,0,0,0,1,0,0,0,0,1,0,0.023953000083565712,2.1343390941619873,0,1
B27,mixamorig9_LeftHandPinky1,10,0.9730139970779419,0.2211029976606369,0.06600499898195267,0,-0.2307009994983673,0.9265859723091125,0.29701000452041626,0,0.004509999882429838,-0.3042219877243042,0.9525899887084961,0,3.468017101287842,9.103461265563965,-0.03980100154876709,1
B28,mixamorig9_LeftHandPinky2,27,0.9992370009422302,-0.03878027945756912,-0.0045819999650120735,0,0.038825999945402145,0.9741050004959106,0.22273899614810944,0,-0.004174999892711639,-0.22274699807167053,0.9748669862747192,0,0.003350999904796481,2.6416869163513184,0,1
B29,mixamorig9_LeftHandPinky3,28,0.9999560117721558,-0.009343000128865242,-0.0008060000254772604,0,0.00935572199523449,0.9879270195960999,0.15463800728321075,0,-0.0006489999941550195,-0.15463900566101074,0.9879710078239441,0,-0.014132999815046787,2.201103925704956,0,1
B30,mixamorig9_LeftHandPinky4,29,1,0,0,0,0,1,0,0,0,0,1,0,0.010781999677419662,1.7961310148239136,0,1
B31,mixamorig9_RightShoulder,3,0.05403367057442665,-0.04204298183321953,0.9976515769958496,0,-0.939174234867096,-0.3414705991744995,0.036481063812971115,0,0.3391340374946594,-0.93894362449646,-0.05793037265539169,0,-7.849732875823975,14.777454376220703,-0.1471409946680069,1
B32,mixamorig9_RightArm,31,0.7137018442153931,-0.6357417702674866,-0.2891911566257477,0,0.5929855704307556,0.7704365253448486,-0.2334369421005249,0,0.3711773157119751,-0.004903547931462526,0.9268607497215271,0,0,16.61266326904297,0,1
B33,mixamorig9_RightForeArm,32,-0.07785103470087051,-0.9961020350456238,-0.03949101269245148,0,0.9962090253829956,-0.07919502258300781,0.033690184354782104,0,-0.03669137880206108,-0.036718133836984634,0.9986517429351807,0,0,22.570629119873047,0,1
B34,mixamorig9_RightHand,33,0.6510435342788696,0.3909563720226288,0.6482852101325989,0,-0.05459314584732056,0.8788491487503052,-0.4735916256904602,0,-0.7548811435699463,0.27306661009788513,0.593484103679657,0,0,23.493431091308594,0,1
B35,mixamorig9_RightHandThumb1,34,0.9361839890480042,-0.3471109867095947,0.055435001850128174,0,0.3196130096912384,0.9062229990959167,0.27678000926971436,0,-0.1463100016117096,-0.24139900505542755,0.9593330025672913,0,3.0254859924316406,3.2116808891296387,1.4098869562149048,1
B36,mixamorig9_RightHandThumb2,35,0.9978970289230347,0.06441228091716766,-0.007201000116765499,0,-0.06439927965402603,0.9979220032691956,0.0020989999175071716,0,0.007321000099182129,-0.001630999962799251,0.9999719858169556,0,0.6963679790496826,3.639655113220215,0,1
B37,mixamorig9_RightHandThumb3,36,0.9939479827880859,-0.09937799721956253,0.04682200029492378,0,0.10814200341701508,0.9601160287857056,-0.2578420042991638,0,-0.01933100074529648,0.2613449990749359,0.9650520086288452,0,-0.08561400324106216,3.2703049182891846,0,1
B38,mixamorig9_RightHandThumb4,37,1,0,0,0,0,1,0,0,0,0,1,0,-0.6107540130615234,2.491702079772949,0,1
B39,mixamorig9_RightHandIndex1,34,0.999131977558136,-0.041645001620054245,-0.0010012780549004674,0,0.041367001831531525,0.9890509843826294,0.14166000485420227,0,-0.004908999893814325,-0.14157800376415253,0.9899150133132935,0,3.771855115890503,10.280261993408203,0.09108000248670578,1
B40,mixamorig9_RightHandIndex2,39,0.999809980392456,0.019456999376416206,0.0012939999578520656,0,-0.01945200003683567,0.9904419779777527,0.13655300438404083,0,0.0013749999925494194,-0.13655200600624084,0.9906319975852966,0,-0.013512000441551208,3.088747978210449,0,1
B41,mixamorig9_RightHandIndex3,40,0.9998829960823059,0.01527199987322092,0.0013160000089555979,0,-0.015308721922338009,0.9905139803886414,0.13655400276184082,0,0.0007820000173524022,-0.13655799627304077,0.9906319975852966,0,0.004902000073343515,2.96856689453125,0,1
B42,mixamorig9_RightHandIndex4,41,1,0,0,0,0,1,0,0,0,0,1,0,0.008609999902546406,2.4632821083068848,0,1
B43,mixamorig9_RightHandMiddle1,34,0.9959920048713684,-0.08898100256919861,-0.009085999801754951,0,0.08935099840164185,0.9851970076560974,0.1463010013103485,0,-0.00406700000166893,-0.14652672410011292,0.9891980290412903,0,0.9695919752120972,10.202889442443848,-0.3715679943561554,1
B44,mixamorig9_RightHandMiddle2,43,0.9997940063476562,0.02025499939918518,0.001395000028423965,0,-0.02025499939918518,0.9904279708862305,0.13653500378131866,0,0.001383999944664538,-0.13653500378131866,0.990634024143219,0,-0.00953300017863512,3.4802000522613525,0,1
B45,mixamorig9_RightHandMiddle3,44,0.9999629855155945,0.008608999662101269,0.0009210000280290842,0,-0.008654000237584114,0.9905970096588135,0.1365402787923813,0,0.0002629999944474548,-0.13654328882694244,0.990634024143219,0,0.012759000062942505,3.263025999069214,0,1
B46,mixamorig9_RightHandMiddle4,45,1,0,0,0,0,1,0,0,0,0,1,0,-0.0032259998843073845,2.908273935317993,0,1
B47,mixamorig9_RightHandRing1,34,0.9976450204849243,-0.06633999943733215,-0.01743127778172493,0,0.0681689977645874,0.9871180057525635,0.1447419971227646,0,0.0076042781583964825,-0.14558927714824677,0.9893159866333008,0,-1.2292959690093994,10.392313957214355,-0.20873600244522095,1
B48,mixamorig9_RightHandRing2,47,0.999504029750824,0.031132999807596207,0.004666999913752079,0,-0.031234722584486008,0.9622200131416321,0.2704769968986511,0,0.003930000122636557,-0.27048826217651367,0.9627150297164917,0,0.002947000088170171,2.8844571113586426,0,1
B49,mixamorig9_RightHandRing3,48,0.9999549984931946,0.00949972216039896,0.0003967219381593168,0,-0.009464722126722336,0.9906119704246521,0.13637399673461914,0,0.0009030000073835254,-0.13637199997901917,0.9906569719314575,0,0.005417000036686659,2.6463780403137207,0,1
B50,mixamorig9_RightHandRing4,49,1,0,0,0,0,1,0,0,0,0,1,0,-0.008364000357687473,2.2535219192504883,0,1
B51,mixamorig9_RightHandPinky1,34,0.9988909959793091,-0.046488720923662186,-0.007455999962985516,0,0.04684799909591675,0.9971629977226257,0.05892299860715866,0,0.004695000126957893,-0.0592069998383522,0.9982349872589111,0,-3.512151002883911,9.241801261901855,-0.02894200012087822,1
B52,mixamorig9_RightHandPinky2,51,0.9993780255317688,0.03491000086069107,0.005042999982833862,0,-0.03497299924492836,0.9621310234069824,0.27033498883247375,0,0.004585000220686197,-0.27034300565719604,0.9627529978752136,0,-0.0035200000274926424,2.5352070331573486,0,1
B53,mixamorig9_RightHandPinky3,52,0.9991559982299805,0.03981500118970871,0.010095000267028809,0,-0.039889998733997345,0.8819559812545776,0.4696410000324249,0,0.009796000085771084,-0.46964699029922485,0.8827999830245972,0,0.011955000460147858,2.26991605758667,0,1
B54,mixamorig9_RightHandPinky4,53,1,0,0,0,0,1,0,0,0,0,1,0,-0.008434999734163284,1.7287529706954956,0,1
B55,mixamorig9_LeftUpLeg,0,-0.9816566109657288,-0.03267287462949753,0.18782885372638702,0,0.052328918129205704,-0.9935413599014282,0.10066026449203491,0,0.18332423269748688,0.10864274948835373,0.9770287275314331,0,9.840375900268555,-6.511542797088623,0.9519680142402649,1
B56,mixamorig9_LeftLeg,55,0.9967073798179626,-0.052938565611839294,-0.061102934181690216,0,0.037654515355825424,0.9728643298149109,-0.2282545268535614,0,0.07153217494487762,0.2251967042684555,0.9716563820838928,0,0,41.179039001464844,0,1
B57,mixamorig9_LeftFoot,56,0.9840929508209229,0.045176584273576736,0.17181561887264252,0,-0.16930247843265533,0.531546950340271,0.8299353718757629,0,-0.0538347065448761,-0.8458227515220642,0.5307402610778809,0,0,35.324745178222656,0,1
B58,mixamorig9_LeftToeBase,57,0.9967136383056641,-0.00001673689803283196,0.08100224286317825,0,-0.05316850170493126,0.7543001174926758,0.6543735265731812,0,-0.06111057475209236,-0.6565302610397339,0.75182044506073,0,0,19.662235260009766,0,1
B59,mixamorig9_LeftToe_End,58,1,0,0,0,0,1,0,0,0,0,1,0,0,7.870635986328125,0,1
B60,mixamorig9_RightUpLeg,0,-0.9998207092285156,-0.010244643315672874,0.01570771262049675,0,0.011685804463922977,-0.995438814163208,0.09463623911142349,0,0.014663652516901493,0.09480276703834534,0.9953868389129639,0,-9.840375900268555,-6.511542797088623,0.24257199466228485,1
B61,mixamorig9_RightLeg,60,0.9941509962081909,0.005564691033214331,-0.10757136344909668,0,-0.02656315267086029,0.9805436134338379,-0.19434165954589844,0,0.10442450642585754,0.19603979587554932,0.9749727249145508,0,0,41.147830963134766,0,1
B62,mixamorig9_RightFoot,61,0.9977319240570068,-0.06540451943874359,-0.01586701162159443,0,0.04842289164662361,0.5337831974029541,0.8442217707633972,0,-0.04674335569143295,-0.8430752754211426,0.5357405543327332,0,0,35.32667922973633,0,1
B63,mixamorig9_RightToeBase,62,0.9966530203819275,0.000007999999979801942,-0.08174800127744675,0,0.052625998854637146,0.765163004398346,0.6416820287704468,0,0.06255500018596649,-0.6438360214233398,0.7626019716262817,0,0,20.054466247558594,-9.999999974752427e-7,1
B64,mixamorig9_RightToe_End,63,1,0,0,0,0,1,0,0,0,0,1,0,0,8.012864112854004,0,1
@52,0,1,2,3,4,5,7,8,9,10,11,12,13,15,16,17,19,20,21,23,24,25,27,28,29,31,32,33,34,35,36,37,39,40,41,43,44,45,47,48,49,51,52,53,55,56,57,58,60,61,62,63
K0.000,0.9992240071296692,-0.009668000042438507,-0.03819200024008751,0,0.009650999680161476,0.9999529719352722,-0.0006210000137798488,0,0.03819600120186806,0.0002519999979995191,0.9992700219154358,0,-0.05366399884223938,96.5739517211914,-0.6796190142631531,1,0.9815260171890259,0.16455499827861786,-0.09761399775743484,0,-0.177946999669075,0.9725819826126099,-0.14973099529743195,0,0.07029800117015839,0.1643349975347519,0.983896017074585,0,0,11.752655029296875,-0.5351889729499817,1,0.9988390207290649,-0.04537000134587288,-0.016189999878406525,0,0.0464010015130043,0.9964450001716614,0.07031799852848053,0,0.012942000292241573,-0.0709879994392395,0.997393012046814,0,0,13.725627899169922,0,1,0.99891197681427,-0.0442890003323555,-0.014624999836087227,0,0.04522300139069557,0.996429979801178,0.07129000127315521,0,0.011416000314056873,-0.07187400013208389,0.9973480105400085,0,0,15.686443328857422,0,1,0.9953619837760925,-0.019060000777244568,-0.09429000318050385,0,0.00635500019416213,0.9910619854927063,-0.13325199484825134,0,0.0959869995713234,0.1320350021123886,0.9865869879722595,0,0,17.647235870361328,0,1,0.9960880279541016,-0.003727999981492758,-0.08828800171613693,0,-0.011842000298202038,0.9844670295715332,-0.1751679927110672,0,0.08756899833679199,0.17552900314331055,0.980571985244751,0,0,5.016602039337158,1.880221962928772,1,-0.12346799671649933,-0.008868999779224396,-0.9923089742660522,0,0.920678973197937,-0.37414199113845825,-0.11121100187301636,0,-0.370278000831604,-0.9273290038108826,0.054361000657081604,0,7.849732875823975,14.775958061218262,-0.11429399996995926,1,0.46463000774383545,0.7291929721832275,-0.50239098072052,0,-0.3014239966869354,0.6637089848518372,0.6845679879188538,0,0.8326240181922913,-0.16663800179958344,0.5281749963760376,0,0,16.61266326904297,0,1,0.9017789959907532,0.43215200304985046,0.006256000138819218,0,-0.4321970045566559,0.9016799926757812,0.013377999886870384,0,0.00014000000373926014,-0.01476799976080656,0.9998909831047058,0,0,22.57557487487793,0,1,0.8663809895515442,-0.04551300033926964,0.4973050057888031,0,-0.02040099911391735,0.9917809963226318,0.12630900740623474,0,-0.4989660084247589,-0.11957699805498123,0.8583319783210754,0,0,23.494800567626953,0,1,0.9271299839019775,0.37279200553894043,-0.038148000836372375,0,-0.34459298849105835,0.8881210088729858,0.30413299798965454,0,0.14725899696350098,-0.2688260078430176,0.951865017414093,0,-2.935167074203491,2.980319023132324,1.2125229835510254,1,0.9864280223846436,-0.16413800418376923,-0.004377999808639288,0,0.16210399568080902,0.9777539968490601,-0.13311199843883514,0,0.026128999888896942,0.13059499859809875,0.9910910129547119,0,-0.6080430150032043,3.4306960105895996,0,1,0.9926000237464905,0.11664599925279617,-0.03374499827623367,0,-0.12141100317239761,0.9581419825553894,-0.25927600264549255,0,0.0020890000741928816,0.2614539861679077,0.9652140140533447,0,0.10523200035095215,3.4070560932159424,0,1,0.9853500127792358,0.1681009978055954,0.028749000281095505,0,-0.16817399859428406,0.9297729730606079,0.32747501134872437,0,0.028318999335169792,-0.3275119960308075,0.9444230198860168,0,-3.5721371173858643,9.84743595123291,0.14308899641036987,1,0.9992709755897522,-0.037978000938892365,-0.003891000058501959,0,0.03795799985527992,0.9774330258369446,0.20780900120735168,0,-0.004089000169187784,-0.20780499279499054,0.9781619906425476,0,0.02371799945831299,3.3193790912628174,0,1,0.9998810291290283,-0.015382000245153904,-0.0013500000350177288,0,0.015434999950230122,0.9931880235671997,0.1154949963092804,0,-0.0004360000020824373,-0.1155019998550415,0.9933069944381714,0,-0.012113000266253948,3.068049907684326,0,1,0.9827449917793274,0.17963500320911407,0.04407599940896034,0,-0.18461699783802032,0.9380580186843872,0.29319700598716736,0,0.011322000063955784,-0.29627498984336853,0.9550359845161438,0,-1.0200649499893188,10.081247329711914,-0.2758679986000061,1,0.9992499947547913,-0.03846000134944916,-0.004408000037074089,0,0.03847400099039078,0.9740599989891052,0.22299699485301971,0,-0.004282000008970499,-0.22299900650978088,0.9748089909553528,0,0.013369999825954437,3.5206940174102783,0,1,0.9999099969863892,-0.01333799958229065,-0.0015660000499337912,0,0.013419999741017818,0.9878519773483276,0.15481500327587128,0,-0.0005179999861866236,-0.15482200682163239,0.9879419803619385,0,-0.017875000834465027,3.274614095687866,0,1,0.9740250110626221,0.2149759978055954,0.07113499939441681,0,-0.2264299988746643,0.9275410175323486,0.29731500148773193,0,-0.0020649998914450407,-0.30570000410079956,0.9521260261535645,0,1.1241849660873413,10.177492141723633,-0.24965800344944,1,0.9993799924850464,-0.034901998937129974,-0.0046709999442100525,0,0.03506600111722946,0.974295973777771,0.22252699732780457,0,-0.0032160000409930944,-0.22255200147628784,0.9749150276184082,0,-0.00854399986565113,2.7422919273376465,0,1,0.9999790191650391,-0.006370000075548887,0.001095999963581562,0,0.0061240000650286674,0.9879770278930664,0.15448200702667236,0,-0.002065999899059534,-0.1544719934463501,0.9879950284957886,0,-0.015407999977469444,2.843964099884033,0,1,0.9730139970779419,0.2211029976606369,0.06600499898195267,0,-0.2307009994983673,0.9265859723091125,0.29701000452041626,0,0.004509999882429838,-0.3042219877243042,0.9525899887084961,0,3.468017101287842,9.103461265563965,-0.03980100154876709,1,0.9992370009422302,-0.038780998438596725,-0.0045819999650120735,0,0.03882699832320213,0.9741050004959106,0.22273899614810944,0,-0.004174999892711639,-0.22274699807167053,0.9748669862747192,0,0.003350999904796481,2.6416869163513184,0,1,0.9999560117721558,-0.009343000128865242,-0.000805000017862767,0,0.009355000220239162,0.9879270195960999,0.15463800728321075,0,-0.0006489999941550195,-0.15463900566101074,0.9879710078239441,0,-0.014132999815046787,2.201103925704956,0,1,0.04896499961614609,-0.041023001074790955,0.9979580044746399,0,-0.9302979707717896,-0.3655250072479248,0.030619999393820763,0,0.363523006439209,-0.9298970103263855,-0.056060999631881714,0,-7.849732875823975,14.777454376220703,-0.1471409946680069,1,0.5882030129432678,-0.571465015411377,-0.5722280144691467,0,0.6162850260734558,0.7749099731445312,-0.14038699865341187,0,0.5236510038375854,-0.27007898688316345,0.8079900145530701,0,0,16.61266326904297,0,1,-0.007757999934256077,-0.9992809891700745,-0.03711999952793121,0,0.9993879795074463,-0.009014000184834003,0.0337969996035099,0,-0.0341080017387867,-0.03683499991893768,0.9987390041351318,0,0,22.570629119873047,0,1,0.7797979712486267,0.400534987449646,0.4811300039291382,0,-0.09638799726963043,0.8361930251121521,-0.5398979783058167,0,-0.6185659766197205,0.3746359944343567,0.6906690001487732,0,0,23.493431091308594,0,1,0.9361839890480042,-0.34711000323295593,0.055435001850128174,0,0.3196119964122772,0.9062229990959167,0.27678000926971436,0,-0.1463100016117096,-0.24139900505542755,0.9593330025672913,0,3.0254859924316406,3.2116808891296387,1.4098869562149048,1,0.9978970289230347,0.06441300362348557,-0.007201000116765499,0,-0.06439899653196335,0.9979220032691956,0.0020989999175071716,0,0.007321000099182129,-0.001630999962799251,0.9999719858169556,0,0.6963679790496826,3.639655113220215,0,1,0.9939479827880859,-0.09937799721956253,0.04682200029492378,0,0.10814200341701508,0.9601160287857056,-0.2578420042991638,0,-0.01933100074529648,0.2613449990749359,0.9650520086288452,0,-0.08561400324106216,3.2703049182891846,0,1,0.999131977558136,-0.041645001620054245,-0.0010010000551119447,0,0.041367001831531525,0.9890509843826294,0.14165900647640228,0,-0.004908999893814325,-0.14157800376415253,0.9899150133132935,0,3.771855115890503,10.280261993408203,0.09108000248670578,1,0.999809980392456,0.019456999376416206,0.0012939999578520656,0,-0.01945200003683567,0.9904419779777527,0.13655300438404083,0,0.0013749999925494194,-0.13655200600624084,0.9906319975852966,0,-0.013512000441551208,3.088747978210449,0,1,0.9998829960823059,0.01527199987322092,0.0013160000089555979,0,-0.015308000147342682,0.9905139803886414,0.13655400276184082,0,0.0007820000173524022,-0.13655799627304077,0.9906319975852966,0,0.004902000073343515,2.96856689453125,0,1,0.9959920048713684,-0.08898100256919861,-0.009085999801754951,0,0.08935099840164185,0.9851970076560974,0.1463010013103485,0,-0.00406700000166893,-0.14652599394321442,0.9891980290412903,0,0.9695919752120972,10.202889442443848,-0.3715679943561554,1,0.9997940063476562,0.02025499939918518,0.001395000028423965,0,-0.02025499939918518,0.9904279708862305,0.13653500378131866,0,0.001383999944664538,-0.13653600215911865,0.990634024143219,0,-0.00953300017863512,3.4802000522613525,0,1,0.9999629855155945,0.008608999662101269,0.0009210000280290842,0,-0.008654000237584114,0.9905970096588135,0.1365399956703186,0,0.0002629999944474548,-0.13654300570487976,0.990634024143219,0,0.012759000062942505,3.263025999069214,0,1,0.9976450204849243,-0.06633999943733215,-0.01743200048804283,0,0.0681689977645874,0.9871180057525635,0.1447419971227646,0,0.0076049999333918095,-0.14558899402618408,0.9893159866333008,0,-1.2292959690093994,10.392313957214355,-0.20873600244522095,1,0.999504029750824,0.031132999807596207,0.004666999913752079,0,-0.031233999878168106,0.9622200131416321,0.2704769968986511,0,0.003930000122636557,-0.2704879939556122,0.9627150297164917,0,0.002947000088170171,2.8844571113586426,0,1,0.9999549984931946,0.009499000385403633,0.0003969999961555004,0,-0.009464999660849571,0.9906119704246521,0.13637399673461914,0,0.0009030000073835254,-0.13637199997901917,0.9906569719314575,0,0.005417000036686659,2.6463780403137207,0,1,0.9988909959793091,-0.04648900032043457,-0.007455999962985516,0,0.04684799909591675,0.9971629977226257,0.05892299860715866,0,0.004695000126957893,-0.0592069998383522,0.9982349872589111,0,-3.512151002883911,9.241801261901855,-0.02894200012087822,1,0.9993780255317688,0.03491000086069107,0.005044000223278999,0,-0.03497299924492836,0.9621310234069824,0.27033498883247375,0,0.004585000220686197,-0.27034300565719604,0.9627529978752136,0,-0.0035200000274926424,2.5352070331573486,0,1,0.9991559982299805,0.03981500118970871,0.010095000267028809,0,-0.039889998733997345,0.8819559812545776,0.4696410000324249,0,0.009796000085771084,-0.46964699029922485,0.8827999830245972,0,0.011955000460147858,2.26991605758667,0,1,-0.9814519882202148,-0.032377999275922775,0.1889529973268509,0,0.049943000078201294,-0.9947829842567444,0.0889509990811348,0,0.18508699536323547,0.09673800319433212,0.9779490232467651,0,9.840375900268555,-6.511542797088623,0.9519680142402649,1,0.9975420236587524,-0.048225000500679016,-0.05082700029015541,0,0.03644699975848198,0.9767199754714966,-0.21139800548553467,0,0.05983800068497658,0.20902599394321442,0.9760779738426208,0,0,41.179039001464844,0,1,0.9838979840278625,0.04703599959611893,0.17243200540542603,0,-0.1706250011920929,0.5344319939613342,0.8278099894523621,0,-0.05321599915623665,-0.8439019918441772,0.5338519811630249,0,0,35.324745178222656,0,1,0.9967089891433716,-0.00006299999949987978,0.08105699717998505,0,-0.05317499861121178,0.7542330026626587,0.6544510126113892,0,-0.061177998781204224,-0.6566069722175598,0.7517470121383667,0,0,19.662235260009766,0,1,-0.9998499751091003,-0.00658900011330843,0.016015000641345978,0,0.00773000018671155,-0.9973549842834473,0.0722690001130104,0,0.015496999956667423,0.07238200306892395,0.9972569942474365,0,-9.840375900268555,-6.511542797088623,0.24257199466228485,1,0.9952239990234375,0.019262000918388367,-0.09569799900054932,0,-0.03334600105881691,0.9884510040283203,-0.14782799780368805,0,0.09174499660730362,0.15031300485134125,0.9843720197677612,0,0,41.147830963134766,0,1,0.9975559711456299,-0.06839200109243393,-0.014275000430643559,0,0.049865998327732086,0.5538750290870667,0.8311049938201904,0,-0.048934999853372574,-0.8297860026359558,0.5559319853782654,0,0,35.32667922973633,0,1,0.9966530203819275,0.000007999999979801942,-0.08174800127744675,0,0.052625998854637146,0.765163004398346,0.6416820287704468,0,0.06255500018596649,-0.6438360214233398,0.7626019716262817,0,0,20.054466247558594,0,1
K0.033,0.9991400241851807,-0.00607099337503314,-0.04101414233446121,0,0.00610699225217104,0.9999809861183167,0.0007519716746173799,0,0.04100814089179039,-0.0010019720066338778,0.9991580247879028,0,-0.2571726143360138,96.49443817138672,-0.8797041773796082,1,0.9862239956855774,0.14655891060829163,-0.07669688016176224,0,-0.15716589987277985,0.974822998046875,-0.15817299485206604,0,0.0515839047729969,0.1680479794740677,0.9844279885292053,0,0,11.752655029296875,-0.5351889729499817,1,0.9991689920425415,-0.03865297511219978,-0.012928981333971024,0,0.03947097435593605,0.9967259764671326,0.07057099789381027,0,0.010158983990550041,-0.07102300226688385,0.997422993183136,0,0,13.725627899169922,0,1,0.999222993850708,-0.03780997544527054,-0.011109981685876846,0,0.038506973534822464,0.9967139959335327,0.07126300036907196,0,0.008378983475267887,-0.07163500040769577,0.9973959922790527,0,0,15.686443328857422,0,1,0.9959740042686462,-0.003226008964702487,-0.0895809754729271,0,-0.00960899330675602,0.9897519946098328,-0.14247606694698334,0,0.08912298083305359,0.14276306331157684,0.9857360124588013,0,0,17.647235870361328,0,1,0.9962030053138733,-0.001193001982755959,-0.08705098927021027,0,-0.014346998184919357,0.9839860200881958,-0.1776670217514038,0,0.08586899191141129,0.17824101448059082,0.9802330136299133,0,0,5.016602039337158,1.880221962928772,1,-0.12513300776481628,-0.008761999197304249,-0.9921010136604309,0,0.9189609885215759,-0.3779400587081909,-0.11257001757621765,0,-0.37396806478500366,-0.9257889986038208,0.05534401163458824,0,7.849732875823975,14.775958061218262,-0.11429399996995926,1,0.4785400927066803,0.706657886505127,-0.5211860537528992,0,-0.27443185448646545,0.6841931343078613,0.6756969690322876,0,0.8340790271759033,-0.18031808733940125,0.5213429927825928,0,0,16.61266326904297,0,1,0.8824169039726257,0.47041821479797363,0.006856003310531378,0,-0.4704682230949402,0.8822968602180481,0.01456200610846281,0,0.0008020037203095853,-0.016075007617473602,0.9998700022697449,0,0,22.57557487487793,0,1,0.8584650158882141,-0.07473823428153992,0.5073979496955872,0,0.02569437399506569,0.994350016117096,0.10299282521009445,0,-0.5122279524803162,-0.07537766546010971,0.8555350303649902,0,0,23.494800567626953,0,1,0.9271299839019775,0.37279200553894043,-0.038148000836372375,0,-0.34459298849105835,0.8881210088729858,0.3041340112686157,0,0.14725899696350098,-0.2688260078430176,0.951865017414093,0,-2.935167074203491,2.980319023132324,1.2125229835510254,1,0.9864280223846436,-0.16413800418376923,-0.004377999808639288,0,0.16210399568080902,0.9777539968490601,-0.13311199843883514,0,0.026128999888896942,0.13059599697589874,0.9910910129547119,0,-0.6080430150032043,3.4306960105895996,0,1,0.9926000237464905,0.11664599925279617,-0.03374499827623367,0,-0.12141100317239761,0.9581419825553894,-0.25927600264549255,0,0.0020890000741928816,0.2614549994468689,0.9652140140533447,0,0.10523200035095215,3.4070560932159424,0,1,0.9853500127792358,0.1681009978055954,0.028749000281095505,0,-0.16817399859428406,0.9297729730606079,0.32747501134872437,0,0.028318999335169792,-0.3275119960308075,0.9444220066070557,0,-3.5721371173858643,9.84743595123291,0.14308899641036987,1,0.9992709755897522,-0.03797899931669235,-0.003891000058501959,0,0.03795799985527992,0.9774330258369446,0.20780900120735168,0,-0.004089000169187784,-0.20780499279499054,0.9781619906425476,0,0.02371799945831299,3.3193790912628174,0,1,0.9998810291290283,-0.015382000245153904,-0.0013500000350177288,0,0.015434999950230122,0.9931880235671997,0.1154949963092804,0,-0.0004360000020824373,-0.1155019998550415,0.9933069944381714,0,-0.012113000266253948,3.068049907684326,0,1,0.9827449917793274,0.17963500320911407,0.04407599940896034,0,-0.18461699783802032,0.9380580186843872,0.2931959927082062,0,0.011322000063955784,-0.29627498984336853,0.9550359845161438,0,-1.0200649499893188,10.081247329711914,-0.2758679986000061,1,0.9992499947547913,-0.03846000134944916,-0.004408000037074089,0,0.03847400099039078,0.9740599989891052,0.22299599647521973,0,-0.004282000008970499,-0.22299900650978088,0.9748089909553528,0,0.013369999825954437,3.5206940174102783,0,1,0.9999099969863892,-0.01333799958229065,-0.0015660000499337912,0,0.013419999741017818,0.9878519773483276,0.15481500327587128,0,-0.0005179999861866236,-0.15482200682163239,0.9879419803619385,0,-0.017875000834465027,3.274614095687866,0,1,0.9740250110626221,0.2149759978055954,0.07113499939441681,0,-0.2264299988746643,0.9275410175323486,0.2973160147666931,0,-0.0020639998838305473,-0.30570000410079956,0.9521260261535645,0,1.1241849660873413,10.177492141723633,-0.24965800344944,1,0.9993799924850464,-0.034901998937129974,-0.0046709999442100525,0,0.03506600111722946,0.974295973777771,0.22252599895000458,0,-0.0032160000409930944,-0.22255200147628784,0.9749150276184082,0,-0.00854399986565113,2.7422919273376465,0,1,0.9999790191650391,-0.006370000075548887,0.0010949999559670687,0,0.0061240000650286674,0.9879770278930664,0.15448200702667236,0,-0.002065999899059534,-0.1544719934463501,0.9879950284957886,0,-0.015407999977469444,2.843964099884033,0,1,0.9730139970779419,0.2211029976606369,0.06600499898195267,0,-0.2307009994983673,0.9265859723091125,0.29701000452041626,0,0.004509999882429838,-0.3042219877243042,0.9525899887084961,0,3.468017101287842,9.103461265563965,-0.03980100154876709,1,0.9992370009422302,-0.038780998438596725,-0.0045819999650120735,0,0.038825999945402145,0.9741050004959106,0.22273899614810944,0,-0.004174999892711639,-0.22274699807167053,0.9748669862747192,0,0.003350999904796481,2.6416869163513184,0,1,0.9999560117721558,-0.009343000128865242,-0.0008060000254772604,0,0.009355000220239162,0.9879270195960999,0.15463800728321075,0,-0.0006489999941550195,-0.15463900566101074,0.9879710078239441,0,-0.014132999815046787,2.201103925704956,0,1,0.05071204528212547,-0.041129011660814285,0.9978659749031067,0,-0.9371520280838013,-0.3473269045352936,0.03331104293465614,0,0.3452149033546448,-0.9368420243263245,-0.056158024817705154,0,-7.849732875823975,14.777454376220703,-0.1471409946680069,1,0.6799615025520325,-0.6342170238494873,-0.3679969012737274,0,0.6046057939529419,0.7688930034637451,-0.20797935128211975,0,0.41485440731048584,-0.08107494562864304,0.906268298625946,0,0,16.61266326904297,0,1,-0.05751628428697586,-0.9975900053977966,-0.03880301117897034,0,0.9976969957351685,-0.05883428454399109,0.03373999893665314,0,-0.03594201058149338,-0.03677299991250038,0.9986770153045654,0,0,22.570629119873047,0,1,0.7160791158676147,0.3698202967643738,0.5919987559318542,0,-0.07931365817785263,0.8857299089431763,-0.45737624168395996,0,-0.6934978365898132,0.28056392073631287,0.6635840535163879,0,0,23.493431091308594,0,1,0.9361839890480042,-0.3471109867095947,0.055435001850128174,0,0.3196130096912384,0.9062229990959167,0.27678000926971436,0,-0.1463100016117096,-0.24139900505542755,0.9593330025672913,0,3.0254859924316406,3.2116808891296387,1.4098869562149048,1,0.9978970289230347,0.06441300362348557,-0.007201000116765499,0,-0.06440000236034393,0.9979220032691956,0.0020989999175071716,0,0.007321000099182129,-0.001630999962799251,0.9999719858169556,0,0.6963679790496826,3.639655113220215,0,1,0.9939479827880859,-0.09937799721956253,0.04682200029492378,0,0.10814200341701508,0.9601160287857056,-0.2578420042991638,0,-0.01933100074529648,0.2613449990749359,0.9650520086288452,0,-0.08561400324106216,3.2703049182891846,0,1,0.999131977558136,-0.041645001620054245,-0.0010019999463111162,0,0.041367001831531525,0.9890509843826294,0.14166000485420227,0,-0.004908999893814325,-0.14157800376415253,0.9899150133132935,0,3.771855115890503,10.280261993408203,0.09108000248670578,1,0.999809980392456,0.019456999376416206,0.0012939999578520656,0,-0.01945200003683567,0.9904419779777527,0.13655300438404083,0,0.0013749999925494194,-0.13655200600624084,0.9906319975852966,0,-0.013512000441551208,3.088747978210449,0,1,0.9998829960823059,0.01527199987322092,0.0013160000089555979,0,-0.015308000147342682,0.9905139803886414,0.13655400276184082,0,0.0007820000173524022,-0.13655799627304077,0.9906319975852966,0,0.004902000073343515,2.96856689453125,0,1,0.9959920048713684,-0.08898100256919861,-0.009085999801754951,0,0.08935099840164185,0.9851970076560974,0.1463010013103485,0,-0.00406700000166893,-0.14652599394321442,0.9891980290412903,0,0.9695919752120972,10.202889442443848,-0.3715679943561554,1,0.9997940063476562,0.02025499939918518,0.001395000028423965,0,-0.02025499939918518,0.9904279708862305,0.13653500378131866,0,0.001383999944664538,-0.13653500378131866,0.990634024143219,0,-0.00953300017863512,3.4802000522613525,0,1,0.9999629855155945,0.008608999662101269,0.0009210000280290842,0,-0.008654000237584114,0.9905970096588135,0.1365409940481186,0,0.0002629999944474548,-0.13654400408267975,0.990634024143219,0,0.012759000062942505,3.263025999069214,0,1,0.9976450204849243,-0.06633999943733215,-0.01743200048804283,0,0.0681689977645874,0.9871180057525635,0.1447419971227646,0,0.0076049999333918095,-0.14559000730514526,0.9893159866333008,0,-1.2292959690093994,10.392313957214355,-0.20873600244522095,1,0.999504029750824,0.031132999807596207,0.004666999913752079,0,-0.031233999878168106,0.9622200131416321,0.2704769968986511,0,0.003930000122636557,-0.27048900723457336,0.9627150297164917,0,0.002947000088170171,2.8844571113586426,0,1,0.9999549984931946,0.009499000385403633,0.00039599998854100704,0,-0.009464000351727009,0.9906119704246521,0.13637399673461914,0,0.0009030000073835254,-0.13637199997901917,0.9906569719314575,0,0.005417000036686659,2.6463780403137207,0,1,0.9988909959793091,-0.046487998217344284,-0.007455999962985516,0,0.04684799909591675,0.9971629977226257,0.05892299860715866,0,0.004695000126957893,-0.0592069998383522,0.9982349872589111,0,-3.512151002883911,9.241801261901855,-0.02894200012087822,1,0.9993780255317688,0.03491000086069107,0.005042999982833862,0,-0.03497299924492836,0.9621310234069824,0.27033498883247375,0,0.004585000220686197,-0.27034300565719604,0.9627529978752136,0,-0.0035200000274926424,2.5352070331573486,0,1,0.9991559982299805,0.03981500118970871,0.010095000267028809,0,-0.039889998733997345,0.8819559812545776,0.4696410000324249,0,0.009796000085771084,-0.46964699029922485,0.8827999830245972,0,0.011955000460147858,2.26991605758667,0,1,-0.9817180037498474,-0.030315034091472626,0.18790900707244873,0,0.04950903728604317,-0.9939240217208862,0.09830603003501892,0,0.183787003159523,0.10581203550100327,0.9772539734840393,0,9.840375900268555,-6.511542797088623,0.9519680142402649,1,0.9974380135536194,-0.04934404790401459,-0.05179212987422943,0,0.03667701408267021,0.9743660092353821,-0.22195708751678467,0,0.06141714006662369,0.21948906779289246,0.9736800193786621,0,0,41.179039001464844,0,1,0.9840199947357178,0.045538995414972305,0.17213399708271027,0,-0.16968800127506256,0.5327230095863342,0.8291029930114746,0,-0.053943000733852386,-0.8450639843940735,0.5319380164146423,0,0,35.324745178222656,0,1,0.9967100024223328,-0.0000549994692846667,0.08104699850082397,0,-0.05317499861121178,0.7542380094528198,0.6544449925422668,0,-0.061163999140262604,-0.6566010117530823,0.7517539858818054,0,0,19.662235260009766,0,1,-0.9998589754104614,-0.005983059294521809,0.01568100042641163,0,0.007409058976918459,-0.9956849813461304,0.09250003099441528,0,0.015059994533658028,0.09260302782058716,0.995589017868042,0,-9.840375900268555,-6.511542797088623,0.24257199466228485,1,0.9950960278511047,0.013739886693656445,-0.09795013070106506,0,-0.03159793093800545,0.9825729727745056,-0.18317115306854248,0,0.09372615069150925,0.185368150472641,0.9781889319419861,0,0,41.147830963134766,0,1,0.9975889921188354,-0.06761796772480011,-0.015610003843903542,0,0.04973898082971573,0.5398179292678833,0.8403110504150391,0,-0.04839297756552696,-0.8390620350837708,0.5418799519538879,0,0,35.32667922973633,0,1,0.9966530203819275,0.000007999999979801942,-0.08174800127744675,0,0.052625998854637146,0.765163004398346,0.6416820287704468,0,0.06255500018596649,-0.6438360214233398,0.7626019716262817,0,0,20.054466247558594,0,1
