1.033,30,30,65
B0,mixamorig_Hips,-1,0.9992238879203796,-0.028226859867572784,-0.026629507541656494,0,0.02868557721376419,0.9994430541992188,0.01704719103872776,0,0.026133602485060692,-0.01779908873140812,0.9994770884513855,0,-0.28277644515037537,101.51335906982422,0.5454490780830383,1
B1,mixamorig_Spine,0,0.9999297261238098,0.0037760850973427296,-0.011022781021893024,0,-0.003798231016844511,0.9999900460243225,-0.001954580657184124,0,0.011015736497938633,0.00199486524797976,0.999935507774353,0,0,5.645699977874756,-0.03189999982714653,1
B2,mixamorig_Spine1,1,0.9997387528419495,0.0034763847943395376,-0.022262679412961006,0,-0.003311112755909562,0.999965250492096,0.0074177877977490425,0,0.022287283092737198,-0.007347993087023497,0.9997194409370422,0,0,6.5868000984191895,0,1
B3,mixamorig_Spine2,2,0.9997387528419495,0.0034763847943395376,-0.022262679412961006,0,-0.003311112755909562,0.999965250492096,0.0074177877977490425,0,0.022287283092737198,-0.007347993087023497,0.9997194409370422,0,0,7.5278000831604,0,1
B4,mixamorig_Neck,3,0.9998935461044312,-0.009478158317506313,0.010386022739112377,0,0.009327259846031666,0.9998442530632019,0.01424500159919262,0,-0.010509545914828777,-0.014149507507681847,0.9998407363891602,0,0,8.468700408935547,0,1
B5,mixamorig_Head,4,0.9982880353927612,0.025539083406329155,0.05258142948150635,0,-0.02763458341360092,0.9988328814506531,0.03950509801506996,0,-0.051507264375686646,-0.040891632437705994,0.997832715511322,0,0,5.998899936676025,-1.159000039100647,1
B6,mixamorig_HeadTop_End,5,1,0,0,0,0,1,0,0,0,0,1,0,0,21.74880027770996,-4.2017998695373535,1
B7,mixamorig_LeftShoulder,3,0.23015303909778595,0.015500755049288273,-0.9730094075202942,0,0.805781900882721,-0.5636325478553772,0.18160878121852875,0,-0.5456079244613647,-0.8258678913116455,-0.14223839342594147,0,3.4147000312805176,7.343400001525879,-0.017400000244379044,1
B8,mixamorig_LeftArm,7,0.9823697805404663,-0.14738762378692627,0.1124393567442894,0,0.05523158609867096,0.8117373585700989,0.5808194279670715,0,-0.17723295092582703,-0.5645158886909485,0.806060254573822,0,0,7.189700126647949,0,1
B9,mixamorig_LeftForeArm,8,0.8230422139167786,0.5075746178627014,-0.25473907589912415,0,-0.45760786533355713,0.858375072479248,0.23174059391021729,0,0.3363230228424072,-0.0741155669093132,0.9387985467910767,0,0,24.20359992980957,0,1
B10,mixamorig_LeftHand,9,0.9318355917930603,0.06047394871711731,-0.35760498046875,0,-0.132719948887825,0.9744244813919067,-0.18116535246372223,0,0.33753448724746704,0.2163548320531845,0.9160490036010742,0,0,21.59510040283203,0,1
B11,mixamorig_LeftHandThumb1,10,0.9476169943809509,0.31501299142837524,0.05280999839305878,0,-0.29459691047668457,0.7980849742889404,0.5256180167198181,0,0.12342900037765503,-0.5136420130729675,0.8490800261497498,0,-2.1452999114990234,2.0982000827789307,1.1066999435424805,1
B12,mixamorig_LeftHandThumb2,11,0.9981859922409058,0.060125093907117844,-0.0031530950218439102,0,-0.060162998735904694,0.9980970025062561,-0.013552905060350895,0,0.0023330000694841146,0.013717904686927795,0.9999030232429504,0,-0.4422000050544739,2.52020001411438,0,1
B13,mixamorig_LeftHandThumb3,12,0.9916470050811768,0.12893900275230408,0.003163095097988844,0,-0.1289380043745041,0.9916521310806274,-0.00046300000394694507,0,-0.0031969998963177204,0.00005199999941396527,0.9999949932098389,0,0.05009999871253967,3.1054999828338623,0,1
B14,mixamorig_LeftHandThumb4,13,1,0,0,0,0,1,0,0,0,0,1,0,0.3921000063419342,2.6770999431610107,0,1
B15,mixamorig_LeftHandIndex1,10,0.9824501276016235,0.184689000248909,0.026095451787114143,0,-0.15660318732261658,0.7407150268554688,0.6532649397850037,0,0.10131889581680298,-0.6458871364593506,0.7566388249397278,0,-2.561000108718872,7.100100040435791,0.04859999939799309,1
B16,mixamorig_LeftHandIndex2,15,0.991913378238678,0.0789637491106987,0.09933725744485855,0,-0.11222895979881287,0.1807108223438263,0.9769889712333679,0,0.05922624096274376,-0.9802388548851013,0.18811503052711487,0,-0.0006000000284984708,3.0000998973846436,0,1
B17,mixamorig_LeftHandIndex3,16,1,-0.00013899999612476677,9.999999974752427e-7,0,0.00013899999612476677,1,0,0,-9.999999974752427e-7,0,1,0,0.0005000000237487257,2.7486000061035156,0,1
B18,mixamorig_LeftHandIndex4,17,1,0,0,0,0,1,0,0,0,0,1,0,0.00009999999747378752,2.3343000411987305,0,1
B19,mixamorig_LeftHandMiddle1,10,0.9662669897079468,0.21801599860191345,0.13710182905197144,0,-0.22472578287124634,0.4536919593811035,0.8623242378234863,0,0.12579979002475739,-0.8640453815460205,0.4873807430267334,0,-0.8248999714851379,7.382699966430664,-0.1046999990940094,1
B20,mixamorig_LeftHandMiddle2,19,0.9850927591323853,0.1018306091427803,0.13863255083560944,0,-0.11975837498903275,-0.17238612473011017,0.9775987863540649,0,0.12347572296857834,-0.9796283841133118,-0.15761832892894745,0,-0.0019000000320374966,3.3796000480651855,0,1
B21,mixamorig_LeftHandMiddle3,20,0.9999949932098389,-0.0030320000369101763,0.000029000000722589903,0,0.0030320000369101763,0.9999949932098389,0,0,-0.000029000000722589903,0,1,0,0.005499999970197678,3.1907999515533447,0,1
B22,mixamorig_LeftHandMiddle4,21,1,0,0,0,0,1,0,0,0,0,1,0,-0.003599999938160181,2.752000093460083,0,1
B23,mixamorig_LeftHandRing1,10,0.9779468178749084,0.06769756972789764,0.19757649302482605,0,-0.20682410895824432,0.4454759955406189,0.8710433840751648,0,-0.029045255854725838,-0.8926970958709717,0.4496539533138275,0,0.8877999782562256,7.537499904632568,0.09640000015497208,1
B24,mixamorig_LeftHandRing2,23,0.9915571212768555,0.09068011492490768,0.0926816388964653,0,-0.07097702473402023,-0.21850161254405975,0.9731283187866211,0,0.10851333290338516,-0.9714905619621277,-0.2102184295654297,0,-0.00430000014603138,2.8452000617980957,0,1
B25,mixamorig_LeftHandRing3,24,0.9999989867210388,0.0012740000383928418,-0.000050999999075429514,0,-0.0012740000383928418,0.9999989867210388,0,0,0.000050999999075429514,0,1,0,0.000699999975040555,2.680999994277954,0,1
B26,mixamorig_LeftHandRing4,25,1,0,0,0,0,1,0,0,0,0,1,0,0.0035000001080334187,2.2806999683380127,0,1
B27,mixamorig_LeftHandPinky1,10,0.9648413062095642,-0.013409924693405628,0.2624865472316742,0,-0.2479112595319748,0.28523603081703186,0.9258086681365967,0,-0.08728248625993729,-0.9583324790000916,0.27188369631767273,0,2.498199939727783,7.361700057983398,0.028699999675154686,1
B28,mixamorig_LeftHandPinky2,27,0.9924729466438293,0.11605343222618103,0.039105817675590515,0,-0.032371558248996735,-0.05931808799505234,0.9975934028625488,0,0.1181006208062172,-0.991348922252655,-0.05511470139026642,0,0.0005000000237487257,2.4802000522613525,0,1
B29,mixamorig_LeftHandPinky3,28,0.9999979734420776,-0.0018619999755173922,-0.000017905102140503004,0,0.0018619999755173922,0.9999979734420776,0,0,0.000017905102140503004,0,1,0,0.00139999995008111,1.9510999917984009,0,1
B30,mixamorig_LeftHandPinky4,29,1,0,0,0,0,1,0,0,0,0,1,0,-0.0019000000320374966,1.659500002861023,0,1
B31,mixamorig_RightShoulder,3,0.14065596461296082,-0.022899065166711807,0.9897855520248413,0,-0.8088712096214294,-0.579125165939331,0.10155569761991501,0,0.5708876848220825,-0.8149078488349915,-0.09996680915355682,0,-3.4147000312805176,7.343200206756592,0.004699999932199717,1
B32,mixamorig_RightArm,31,0.9275735020637512,0.3438405692577362,-0.1450386643409729,0,-0.18962803483009338,0.769098162651062,0.610335111618042,0,0.32141971588134766,-0.5386960506439209,0.7785665988922119,0,0,7.189700126647949,0,1
B33,mixamorig_RightForeArm,32,0.823204755783081,-0.551928699016571,0.12245180457830429,0,0.4987364709377289,0.8108193874359131,0.3018878400325775,0,-0.26687780022621155,-0.18807652592658997,0.9451828598976135,0,0,24.202699661254883,0,1
B34,mixamorig_RightHand,33,0.8917809128761292,0.14801685512065887,0.4262329936027527,0,-0.10425512492656708,0.9861781597137451,-0.12488764524459839,0,-0.4388016164302826,0.06653568148612976,0.895842432975769,0,0,21.595600128173828,0,1
B35,mixamorig_RightHandThumb1,34,0.9313005805015564,-0.3558012545108795,-0.07793562859296799,0,0.35991451144218445,0.8660892248153687,0.34687453508377075,0,-0.055932722985744476,-0.351092666387558,0.9346582889556885,0,2.1654000282287598,2.135200023651123,1.1744999885559082,1
B36,mixamorig_RightHandThumb2,35,0.9229807257652283,0.033128440380096436,0.38338902592658997,0,-0.1032845601439476,0.9810595512390137,0.16385680437088013,0,-0.370697021484375,-0.19084212183952332,0.9089227914810181,0,0.43810001015663147,2.5708999633789062,0,1
B37,mixamorig_RightHandThumb3,36,0.991694986820221,-0.12860499322414398,-0.0014990000054240227,0,0.12860499322414398,0.9916960000991821,-0.00022090508718974888,0,0.0015149051323533058,0.000025999999706982635,0.9999989867210388,0,-0.05209999904036522,3.059299945831299,0,1
B38,mixamorig_RightHandThumb4,37,1,0,0,0,0,1,0,0,0,0,1,0,-0.38600000739097595,2.625200033187866,0,1
B39,mixamorig_RightHandIndex1,34,0.9936318397521973,-0.10278914123773575,-0.04614967480301857,0,0.10808415710926056,0.7538647055625916,0.6480114459991455,0,-0.031823739409446716,-0.648872435092926,0.7601742148399353,0,2.566999912261963,7.105000019073486,0.039400000125169754,1
B40,mixamorig_RightHandIndex2,39,0.9948632121086121,-0.038482487201690674,-0.09362929314374924,0,0.10122605413198471,0.372785359621048,0.9223613739013672,0,-0.0005942110437899828,-0.9271010756492615,0.37476688623428345,0,-0.0010000000474974513,2.9493000507354736,0,1
B41,mixamorig_RightHandIndex3,40,0.9999889731407166,0.004712999798357487,0.0000470000013592653,0,-0.004712999798357487,0.9999889731407166,0,0,-0.0000470000013592653,0,1,0,-0.005499999970197678,2.8015999794006348,0,1
B42,mixamorig_RightHandIndex4,41,1,0,0,0,0,1,0,0,0,0,1,0,0.006500000134110451,2.3635001182556152,0,1
B43,mixamorig_RightHandMiddle1,34,0.9895485043525696,-0.11324720829725266,-0.08926234394311905,0,0.14122594892978668,0.6362138986587524,0.7584399580955505,0,-0.029108501970767975,-0.7631190419197083,0.6455592513084412,0,0.8360999822616577,7.262800216674805,-0.11010000109672546,1
B44,mixamorig_RightHandMiddle2,43,0.9917554259300232,-0.04671666398644447,-0.11932173371315002,0,0.1275607794523239,0.2715095579624176,0.9539298415184021,0,-0.01217096671462059,-0.961286187171936,0.2752307653427124,0,0.00930000003427267,3.3111000061035156,0,1
B45,mixamorig_RightHandMiddle3,44,0.9999939799308777,-0.0034179999493062496,0.00014099999680183828,0,0.0034179999493062496,0.9999939799308777,9.05111221527477e-7,0,-0.00014099999680183828,0,1,0,0,3.1891000270843506,0,1
B46,mixamorig_RightHandMiddle4,45,1,0,0,0,0,1,0,0,0,0,1,0,-0.009200000204145908,2.691499948501587,0,1
B47,mixamorig_RightHandRing1,34,0.9813687801361084,-0.18293724954128265,-0.058721695095300674,0,0.1650911122560501,0.6465733051300049,0.7447452545166016,0,-0.0982799306511879,-0.7405635714530945,0.6647295355796814,0,-0.9853000044822693,7.492700099945068,-0.01889999955892563,1
B48,mixamorig_RightHandRing2,47,0.9896462559700012,-0.12803207337856293,-0.06486230343580246,0,0.08299396187067032,0.1418028473854065,0.9863897562026978,0,-0.11709591746330261,-0.981560230255127,0.15096144378185272,0,0.001500000013038516,2.815500020980835,0,1
B49,mixamorig_RightHandRing3,48,1,-0.0005579999997280538,0.000003999999989900971,0,0.0005579999997280538,1,0,0,-0.000003999999989900971,0,1,0,-0.00009999999747378752,2.7356998920440674,0,1
B50,mixamorig_RightHandRing4,49,1,0,0,0,0,1,0,0,0,0,1,0,-0.00139999995008111,2.3531999588012695,0,1
B51,mixamorig_RightHandPinky1,34,0.9688593745231628,-0.24082110822200775,-0.057578980922698975,0,0.21154893934726715,0.6842353343963623,0.6978771686553955,0,-0.12867410480976105,-0.6883245706558228,0.7138745784759521,0,-2.4177000522613525,7.441800117492676,0.09099999815225601,1
B52,mixamorig_RightHandPinky2,51,0.9774876832962036,-0.19710680842399597,-0.07527357339859009,0,0.0813683494925499,0.023006722331047058,0.9963955879211426,0,-0.19466841220855713,-0.9800891280174255,0.03852783516049385,0,-0.000699999975040555,2.4493000507354736,0,1
B53,mixamorig_RightHandPinky3,52,0.9999709725379944,0.007658999878913164,0.000097999996796716,0,-0.007658999878913164,0.9999709725379944,-9.999999974752427e-7,0,-0.000097999996796716,0,1,0,-0.006399999838322401,1.965999960899353,0,1
B54,mixamorig_RightHandPinky4,53,1,0,0,0,0,1,0,0,0,0,1,0,0.0071000000461936,1.6121000051498413,0,1
B55,mixamorig_LeftUpLeg,0,-0.9864454865455627,-0.06412136554718018,0.15097752213478088,0,0.13544104993343353,-0.8376242518424988,0.5290297269821167,0,0.09259086847305298,0.5423126816749573,0.8349648714065552,0,6.620200157165527,-8.816800117492676,-0.4472000002861023,1
B56,mixamorig_LeftLeg,55,0.9994385242462158,-0.015315811149775982,0.027859525755047798,0,0.031362827867269516,0.5314643979072571,-0.8457183241844177,0,-0.0019969898276031017,0.846153199672699,0.5316170454025269,0,-0.37229999899864197,36.18519973754883,0.08829999715089798,1
B57,mixamorig_LeftFoot,56,0.9984496831893921,0.033563483506441116,-0.04424329847097397,0,0.01309018675237894,0.6325706243515015,0.7741570472717285,0,0.05402222275733948,-0.7735351920127869,0.6311591267585754,0,0,46.263099670410156,0,1
B58,mixamorig_LeftToeBase,57,0.9985079765319824,-0.010347897186875343,0.0527055449783802,0,-0.028178254142403603,0.7350078821182251,0.6774069666862488,0,-0.04570632800459862,-0.6779546141624451,0.7336294054985046,0,0,16.368600845336914,0,1
B59,mixamorig_LeftToe_End,58,1,0,0,0,0,1,0,0,0,0,1,0,0,6.664999961853027,0,1
B60,mixamorig_RightUpLeg,0,-0.9862785339355469,-0.05178125947713852,-0.1566961109638214,0,0.0322137214243412,-0.9913303256034851,0.12538188695907593,0,-0.16187934577465057,0.11862026154994965,0.9793917536735535,0,-6.620200157165527,-8.816800117492676,-0.4472000002861023,1
B61,mixamorig_RightLeg,60,0.9862973690032959,0.09275974333286285,0.13632844388484955,0,-0.04412807151675224,0.9449437856674194,-0.32408231496810913,0,-0.15889453887939453,0.31362923979759216,0.9360873699188232,0,0.37209999561309814,36.18389892578125,0.49619999527931213,1
B62,mixamorig_RightFoot,61,0.989173173904419,-0.14139284193515778,0.039196744561195374,0,0.03178275376558304,0.46728941798210144,0.8835322260856628,0,-0.14324264228343964,-0.8727203607559204,0.46672606468200684,0,0,46.253299713134766,0,1
B63,mixamorig_RightToeBase,62,0.9978802800178528,-0.0028093489818274975,-0.06500644236803055,0,0.04571709781885147,0.7411584258079529,0.6697701811790466,0,0.046298619359731674,-0.6713231205940247,0.7397160530090332,0,0,16.863399505615234,0,1
B64,mixamorig_RightToe_End,63,1,0,0,0,0,1,0,0,0,0,1,0,0,6.677599906921387,0,1
@52,0,1,2,3,4,5,7,8,9,10,11,12,13,15,16,17,19,20,21,23,24,25,27,28,29,31,32,33,34,35,36,37,39,40,41,43,44,45,47,48,49,51,52,53,55,56,57,58,60,61,62,63
K0.000,0.9984599947929382,-0.028558999300003052,-0.04756399989128113,0,0.029368000105023384,0.9994339942932129,0.016390999779105186,0,0.0470689982175827,-0.017761999741196632,0.9987339973449707,0,-0.17318400740623474,101.03803253173828,0.9318140149116516,1,0.9999560117721558,0.007211000192910433,-0.006022000219672918,0,-0.007224999833852053,0.9999709725379944,-0.0022559999488294125,0,0.006004999857395887,0.0022990000434219837,0.9999790191650391,0,0,5.645699977874756,-0.03189999982714653,1,0.9998890161514282,0.008821999654173851,-0.011975999921560287,0,-0.008740000426769257,0.9999390244483948,0.006823999807238579,0,0.012035000137984753,-0.006717999931424856,0.999904990196228,0,0,6.5868000984191895,0,1,0.9998890161514282,0.008821999654173851,-0.011975999921560287,0,-0.008740000426769257,0.9999390244483948,0.006823999807238579,0,0.012035000137984753,-0.006717999931424856,0.999904990196228,0,0,7.5278000831604,0,1,0.9997460246086121,-0.02112800069153309,0.007838999852538109,0,0.02108299918472767,0.9997609853744507,0.005745999980717897,0,-0.007957999594509602,-0.005578999873250723,0.9999529719352722,0,0,8.468700408935547,0,1,0.9980499744415283,0.030729999765753746,0.054322000592947006,0,-0.033250000327825546,0.9983829855918884,0.04610700160264969,0,-0.05281699821352959,-0.04782300069928169,0.9974579811096191,0,0,5.998899936676025,-1.159000039100647,1,0.2488120049238205,0.010747999884188175,-0.9684919714927673,0,0.7945250272750854,-0.5741299986839294,0.19774700701236725,0,-0.5539150238037109,-0.818693995475769,-0.15139000117778778,0,3.4147000312805176,7.343400001525879,-0.017400000244379044,1,0.9875569939613342,-0.07706800103187561,0.13708600401878357,0,-0.009728999808430672,0.8400819897651672,0.5423719882965088,0,-0.15696300566196442,-0.5369570255279541,0.8288789987564087,0,0,7.189700126647949,0,1,0.8074300289154053,0.5281739830970764,-0.26284700632095337,0,-0.4704830050468445,0.8452799916267395,0.2532750070095062,0,0.35595300793647766,-0.08083699643611908,0.9310010075569153,0,0,24.20359992980957,0,1,0.9444220066070557,0.04707200080156326,-0.32534700632095337,0,-0.11727699637413025,0.9728170037269592,-0.19968299567699432,0,0.3071030080318451,0.2267410010099411,0.9242709875106812,0,0,21.59510040283203,0,1,0.9476169943809509,0.31501299142837524,0.05280999839305878,0,-0.29459598660469055,0.7980849742889404,0.5256180167198181,0,0.12342900037765503,-0.5136420130729675,0.8490800261497498,0,-2.1452999114990234,2.0982000827789307,1.1066999435424805,1,0.9981859922409058,0.06012599915266037,-0.003154000034555793,0,-0.060162998735904694,0.9980970025062561,-0.013551999814808369,0,0.0023330000694841146,0.013717000372707844,0.9999030232429504,0,-0.4422000050544739,2.52020001411438,0,1,0.9916470050811768,0.12893900275230408,0.0031640001107007265,0,-0.1289380043745041,0.9916530251502991,-0.00046300000394694507,0,-0.0031969998963177204,0.00005199999941396527,0.9999949932098389,0,0.05009999871253967,3.1054999828338623,0,1,0.9828330278396606,0.18249499797821045,0.027110999450087547,0,-0.15314200520515442,0.7249940037727356,0.6715139746665955,0,0.10289199650287628,-0.6641380190849304,0.7404959797859192,0,-2.561000108718872,7.100100040435791,0.04859999939799309,1,0.9912109971046448,0.07994399964809418,0.1054069995880127,0,-0.11543399840593338,0.1334110051393509,0.9843149781227112,0,0.0646279975771904,-0.9878309965133667,0.14146600663661957,0,-0.0006000000284984708,3.0000998973846436,0,1,1,-0.00013899999612476677,0,0,0.00013899999612476677,1,0,0,0,0,1,0,0.0005000000237487257,2.7486000061035156,0,1,0.9665430188179016,0.21575500071048737,0.1387220025062561,0,-0.22202399373054504,0.43288499116897583,0.873678982257843,0,0.12845000624656677,-0.8752490282058716,0.4663049876689911,0,-0.8248999714851379,7.382699966430664,-0.1046999990940094,1,0.9844319820404053,0.10066299885511398,0.14408500492572784,0,-0.11928500235080719,-0.21944700181484222,0.9683049917221069,0,0.1290919929742813,-0.9704170227050781,-0.20402300357818604,0,-0.0019000000320374966,3.3796000480651855,0,1,0.9999949932098389,-0.0030320000369101763,0.000029000000722589903,0,0.0030320000369101763,0.9999949932098389,0,0,-0.000029000000722589903,0,1,0,0.005499999970197678,3.1907999515533447,0,1,0.9776589870452881,0.0652799978852272,0.19980399310588837,0,-0.20842799544334412,0.42414501309394836,0.8812829852104187,0,-0.027216000482439995,-0.9032390117645264,0.4282749891281128,0,0.8877999782562256,7.537499904632568,0.09640000015497208,1,0.9913010001182556,0.08979400247335434,0.0962269976735115,0,-0.06934600323438644,-0.26507100462913513,0.9617319703102112,0,0.11186499893665314,-0.9600390195846558,-0.2565380036830902,0,-0.00430000014603138,2.8452000617980957,0,1,0.9999989867210388,0.0012740000383928418,-0.000050999999075429514,0,-0.0012740000383928418,0.9999989867210388,0,0,0.000050999999075429514,0,1,0,0.000699999975040555,2.680999994277954,0,1,0.9642050266265869,-0.016127999871969223,0.26466700434684753,0,-0.2513290047645569,0.2625409960746765,0.9316149950027466,0,-0.08451099693775177,-0.9647859930992126,0.24909000098705292,0,2.498199939727783,7.361700057983398,0.028699999675154686,1,0.992434024810791,0.11590500175952911,0.040516000241041183,0,-0.028084000572562218,-0.10695099830627441,0.9938679933547974,0,0.11952800303697586,-0.9874849915504456,-0.10288699716329575,0,0.0005000000237487257,2.4802000522613525,0,1,0.9999979734420776,-0.0018619999755173922,-0.00001700000029813964,0,0.0018619999755173922,0.9999979734420776,0,0,0.00001700000029813964,0,1,0,0.00139999995008111,1.9510999917984009,0,1,0.12870299816131592,-0.02434000000357628,0.9913840293884277,0,-0.8032919764518738,-0.5887719988822937,0.08982899785041809,0,0.581512987613678,-0.8079320192337036,-0.09532900154590607,0,-3.4147000312805176,7.343200206756592,0.004699999932199717,1,0.9417610168457031,0.3230000138282776,-0.09357900172472,0,-0.20294199883937836,0.7677810192108154,0.6077229976654053,0,0.2681429982185364,-0.5533379912376404,0.7886170148849487,0,0,7.189700126647949,0,1,0.8895289897918701,-0.4185220003128052,0.1832430064678192,0,0.36403000354766846,0.8916109800338745,0.2692820131778717,0,-0.27608099579811096,-0.17282800376415253,0.945468008518219,0,0,24.202699661254883,0,1,0.9204450249671936,0.055597998201847076,0.3868969976902008,0,-0.007431999780237675,0.9921420216560364,-0.12489199638366699,0,-0.39079999923706055,0.11208099871873856,0.9136260151863098,0,0,21.595600128173828,0,1,0.9348549842834473,-0.346902996301651,-0.07552800327539444,0,0.3514670133590698,0.8742290139198303,0.33495500683784485,0,-0.0501680001616478,-0.3396799862384796,0.9392020106315613,0,2.1654000282287598,2.135200023651123,1.1744999885559082,1,0.917273998260498,0.035232000052928925,0.396696001291275,0,-0.10980600118637085,0.9798439741134644,0.16687899827957153,0,-0.3828209936618805,-0.19663399457931519,0.9026539921760559,0,0.43810001015663147,2.5708999633789062,0,1,0.991694986820221,-0.12860499322414398,-0.0014990000054240227,0,0.12860499322414398,0.9916960000991821,-0.00022000000171829015,0,0.0015140000032261014,0.000025999999706982635,0.9999989867210388,0,-0.05209999904036522,3.059299945831299,0,1,0.993802011013031,-0.10184600204229355,-0.04456299915909767,0,0.10722699761390686,0.7723780274391174,0.6260470151901245,0,-0.029340999200940132,-0.6269450187683105,0.7785109877586365,0,2.566999912261963,7.105000019073486,0.039400000125169754,1,0.9950460195541382,-0.03784799948334694,-0.09193400293588638,0,0.09941399842500687,0.38937801122665405,0.9156969785690308,0,0.0011399999493733048,-0.9203000068664551,0.39121198654174805,0,-0.0010000000474974513,2.9493000507354736,0,1,0.9999889731407166,0.004712999798357487,0.0000470000013592653,0,-0.004712999798357487,0.9999889731407166,0,0,-0.0000470000013592653,0,1,0,-0.005499999970197678,2.8015999794006348,0,1,0.989982008934021,-0.11126500368118286,-0.08691900223493576,0,0.1387930065393448,0.6539469957351685,0.7437009811401367,0,-0.025908000767230988,-0.7483140230178833,0.6628379821777344,0,0.8360999822616577,7.262800216674805,-0.11010000109672546,1,0.9919689893722534,-0.0462459996342659,-0.11772599816322327,0,0.1260800063610077,0.2872839868068695,0.9495109915733337,0,-0.010091000236570835,-0.9567279815673828,0.29080700874328613,0,0.00930000003427267,3.3111000061035156,0,1,0.9999939799308777,-0.0034179999493062496,0.00014099999680183828,0,0.0034179999493062496,0.9999939799308777,0,0,-0.00014099999680183828,0,1,0,0,3.1891000270843506,0,1,0.9819390177726746,-0.1806119978427887,-0.056352999061346054,0,0.16370899975299835,0.6617730259895325,0.7316120266914368,0,-0.0948449969291687,-0.7276239991188049,0.6793879866600037,0,-0.9853000044822693,7.492700099945068,-0.01889999955892563,1,0.9898300170898438,-0.127593994140625,-0.06289999932050705,0,0.08321300148963928,0.16070899367332458,0.9834880232810974,0,-0.1153779998421669,-0.9787200093269348,0.1696919947862625,0,0.001500000013038516,2.815500020980835,0,1,1,-0.0005579999997280538,0.000003999999989900971,0,0.0005579999997280538,1,0,0,-0.000003999999989900971,0,1,0,-0.00009999999747378752,2.7356998920440674,0,1,0.9698169827461243,-0.23761700093746185,-0.05471700057387352,0,0.20961199700832367,0.6977940201759338,0.6849430203437805,0,-0.1245729997754097,-0.6757379770278931,0.7265390157699585,0,-2.4177000522613525,7.441800117492676,0.09099999815225601,1,0.9776750206947327,-0.1968570053577423,-0.07347600162029266,0,0.08360400050878525,0.0436290018260479,0.9955430030822754,0,-0.1927739977836609,-0.9794610142707825,0.059112999588251114,0,-0.000699999975040555,2.4493000507354736,0,1,0.9999709725379944,0.007658999878913164,0.000097999996796716,0,-0.007658999878913164,0.9999709725379944,0,0,-0.000097999996796716,0,1,0,-0.006399999838322401,1.965999960899353,0,1,-0.9853150248527527,-0.07767999917268753,0.15205200016498566,0,0.14393199980258942,-0.8569430112838745,0.4949060082435608,0,0.09185600280761719,0.5095239877700806,0.8555390238761902,0,6.620200157165527,-8.816800117492676,-0.4472000002861023,1,0.9993579983711243,-0.035767000168561935,0.002230999991297722,0,0.01755799911916256,0.43441900610923767,-0.9005399942398071,0,0.03123999945819378,0.9000009894371033,0.4347679913043976,0,-0.37229999899864197,36.18519973754883,0.08829999715089798,1,0.9987329840660095,0.0219579990953207,-0.04528599977493286,0,0.01848199963569641,0.6769170165061951,0.7358279824256897,0,0.04681200161576271,-0.7357320189476013,0.6756529808044434,0,0,46.263099670410156,0,1,0.9996529817581177,-0.013677000068128109,0.022502999752759933,0,-0.004747000057250261,0.7469509840011597,0.6648619771003723,0,-0.025901999324560165,-0.6647379994392395,0.7466269731521606,0,0,16.368600845336914,0,1,-0.9879530072212219,-0.05667800083756447,-0.14399999380111694,0,0.027994999662041664,-0.9806209802627563,0.19390299916267395,0,-0.15219999849796295,0.18753600120544434,0.9703940153121948,0,-6.620200157165527,-8.816800117492676,-0.4472000002861023,1,0.9885910153388977,0.09023799747228622,0.12060199677944183,0,-0.04214400053024292,0.9344109892845154,-0.35369399189949036,0,-0.1446090042591095,0.34457600116729736,0.9275540113449097,0,0.37209999561309814,36.18389892578125,0.49619999527931213,1,0.9904149770736694,-0.1327199935913086,0.03826899826526642,0,0.02874699980020523,0.46904999017715454,0.8827040195465088,0,-0.13510200381278992,-0.8731430172920227,0.4683690071105957,0,0,46.253299713134766,0,1,0.9977779984474182,-0.0011909999884665012,-0.06661300361156464,0,0.0453840009868145,0.7441390156745911,0.6664810180664062,0,0.048774998635053635,-0.6680240035057068,0.7425400018692017,0,0,16.863399505615234,0,1
K0.033,0.9993039965629578,-0.02819203957915306,-0.024434806779026985,0,0.02861403487622738,0.9994440078735352,0.017115984112024307,0,0.023938806727528572,-0.017802977934479713,0.9995549917221069,0,-0.2942657470703125,101.56319427490234,0.5049439072608948,1,0.9999269843101501,0.003415980376303196,-0.011547045782208443,0,-0.0034389803186059,0.9999920129776001,-0.001922980765812099,0,0.011541045270860195,0.0019629807211458683,0.9999309778213501,0,0,5.645699977874756,-0.03189999982714653,1,0.9997230172157288,0.0029159688856452703,-0.023341098800301552,0,-0.0027419666294008493,0.9999679923057556,0.007480038329958916,0,0.02336209826171398,-0.007414039224386215,0.9997000098228455,0,0,6.5868000984191895,0,1,0.9997230172157288,0.0029159688856452703,-0.023341098800301552,0,-0.0027419666294008493,0.9999679923057556,0.007480038329958916,0,0.02336209826171398,-0.007414039224386215,0.9997000098228455,0,0,7.5278000831604,0,1,0.999908983707428,-0.008256828412413597,0.01065304409712553,0,0.008094828575849533,0.9998530149459839,0.015136008150875568,0,-0.01077704131603241,-0.015048010274767876,0.9998289942741394,0,0,8.468700408935547,0,1,0.9983130097389221,0.02499488554894924,0.05239895358681679,0,-0.027045883238315582,0.9988800287246704,0.03881297633051872,0,-0.051369957625865936,-0.040164969861507416,0.997871994972229,0,0,5.998899936676025,-1.159000039100647,1,0.2281969040632248,0.015999017283320427,-0.9734830260276794,0,0.8069620132446289,-0.5625320076942444,0.17991690337657928,0,-0.5447370409965515,-0.8266199827194214,-0.1412789672613144,0,3.4147000312805176,7.343400001525879,-0.017400000244379044,1,0.9818259477615356,-0.15475969016551971,0.10985548794269562,0,0.06204183027148247,0.8087658286094666,0.5848501324653625,0,-0.17935799062252045,-0.5674050450325012,0.8036680221557617,0,0,7.189700126647949,0,1,0.8246789574623108,0.5054150819778442,-0.2538890838623047,0,-0.456258088350296,0.8597479462623596,0.2294829934835434,0,0.3342650830745697,-0.07341091334819794,0.9396160244941711,0,0,24.20359992980957,0,1,0.9305160641670227,0.06187896430492401,-0.3609867990016937,0,-0.13433893024921417,0.9745929837226868,-0.17922402918338776,0,0.3407248258590698,0.21526598930358887,0.9151870608329773,0,0,21.59510040283203,0,1,0.9476169943809509,0.31501299142837524,0.05280999839305878,0,-0.29459699988365173,0.7980849742889404,0.5256180167198181,0,0.12342900037765503,-0.5136420130729675,0.8490800261497498,0,-2.1452999114990234,2.0982000827789307,1.1066999435424805,1,0.9981859922409058,0.06012500077486038,-0.0031530000269412994,0,-0.060162998735904694,0.9980970025062561,-0.013553000055253506,0,0.0023330000694841146,0.013717999681830406,0.9999030232429504,0,-0.4422000050544739,2.52020001411438,0,1,0.9916470050811768,0.12893900275230408,0.003163000103086233,0,-0.1289380043745041,0.9916520118713379,-0.00046300000394694507,0,-0.0031969998963177204,0.00005199999941396527,0.9999949932098389,0,0.05009999871253967,3.1054999828338623,0,1,0.9824100136756897,0.18491901457309723,0.02598898485302925,0,-0.15696604549884796,0.7423631548881531,0.6513517498970032,0,0.10115397721529007,-0.6439737677574158,0.7583311796188354,0,-2.561000108718872,7.100100040435791,0.04859999939799309,1,0.9919869899749756,0.07886098325252533,0.09870092570781708,0,-0.1118929535150528,0.18566957116127014,0.9762209057807922,0,0.05865993723273277,-0.9794428944587708,0.19300556182861328,0,-0.0006000000284984708,3.0000998973846436,0,1,1,-0.00013899999612476677,0,0,0.00013899999612476677,1,0,0,0,0,1,0,0.0005000000237487257,2.7486000061035156,0,1,0.9662380218505859,0.218253031373024,0.13693197071552277,0,-0.225009024143219,0.4558732807636261,0.8611338138580322,0,0.1255219578742981,-0.8628708124160767,0.48959025740623474,0,-0.8248999714851379,7.382699966430664,-0.1046999990940094,1,0.9851620197296143,0.10195301473140717,0.13806094229221344,0,-0.11980800330638885,-0.16745242476463318,0.9785730838775635,0,0.12288693338632584,-0.9805940389633179,-0.15275342762470245,0,-0.0019000000320374966,3.3796000480651855,0,1,0.9999949932098389,-0.0030320000369101763,0.000029000000722589903,0,0.0030320000369101763,0.9999949932098389,0,0,-0.000029000000722589903,0,1,0,0.005499999970197678,3.1907999515533447,0,1,0.9779769778251648,0.0679510235786438,0.19734297692775726,0,-0.20665596425533295,0.4477122724056244,0.86996990442276,0,-0.02923702821135521,-0.8915919065475464,0.45189526677131653,0,0.8877999782562256,7.537499904632568,0.09640000015497208,1,0.9915840029716492,0.09077300876379013,0.09230995178222656,0,-0.07114801555871964,-0.2136194407939911,0.9743230938911438,0,0.10816195607185364,-0.9726911187171936,-0.2053624391555786,0,-0.00430000014603138,2.8452000617980957,0,1,0.9999989867210388,0.0012740000383928418,-0.000050999999075429514,0,-0.0012740000383928418,0.9999989867210388,0,0,0.000050999999075429514,0,1,0,0.000699999975040555,2.680999994277954,0,1,0.9649080038070679,-0.013124970719218254,0.26225796341896057,0,-0.24755296111106873,0.2876152992248535,0.9251999258995056,0,-0.08757303655147552,-0.9576559066772461,0.2742733061313629,0,2.498199939727783,7.361700057983398,0.028699999675154686,1,0.9924769997596741,0.116068996489048,0.038957979530096054,0,-0.03282105177640915,-0.05432441830635071,0.997983992099762,0,0.11795097589492798,-0.9917539954185486,-0.05010641738772392,0,0.0005000000237487257,2.4802000522613525,0,1,0.9999979734420776,-0.0018619999755173922,-0.000017999989722738974,0,0.0018619999755173922,0.9999979734420776,0,0,0.000017999989722738974,0,1,0,0.00139999995008111,1.9510999917984009,0,1,0.14190907776355743,-0.022748002782464027,0.9896180033683777,0,-0.8094561100006104,-0.5781137943267822,0.10278508067131042,0,0.56977379322052,-0.8156391382217407,-0.10045301914215088,0,-3.4147000312805176,7.343200206756592,0.004699999932199717,1,0.9260861277580261,0.34602540731430054,-0.1504335254430771,0,-0.18823224306106567,0.7692362666130066,0.6106089353561401,0,0.3270050585269928,-0.5371610522270203,0.7775129675865173,0,0,7.189700126647949,0,1,0.8162515759468079,-0.5659146308898926,0.11607865989208221,0,0.5128586292266846,0.8023494482040405,0.3053061366081238,0,-0.2659129798412323,-0.18967512249946594,0.945152997970581,0,0,24.202699661254883,0,1,0.8887758851051331,0.15770572423934937,0.43035686016082764,0,-0.11440572887659073,0.9855529069900513,-0.12488719075918198,0,-0.44383394718170166,0.06176086887717247,0.8939780592918396,0,0,21.595600128173828,0,1,0.9309279322624207,-0.35673412680625916,-0.07818803191184998,0,0.3608001172542572,0.8652358651161194,0.3481241464614868,0,-0.05653707683086395,-0.3522891402244568,0.9341819286346436,0,2.1654000282287598,2.135200023651123,1.1744999885559082,1,0.9235789775848389,0.03290791064500809,0.38199397921562195,0,-0.10260087251663208,0.9811869859695435,0.16353996098041534,0,-0.3694259822368622,-0.19023491442203522,0.9095799922943115,0,0.43810001015663147,2.5708999633789062,0,1,0.991694986820221,-0.12860499322414398,-0.0014990000054240227,0,0.12860499322414398,0.9916960000991821,-0.00022099998022895306,0,0.0015150000108405948,0.000025999999706982635,0.9999989867210388,0,-0.05209999904036522,3.059299945831299,0,1,0.9936140179634094,-0.10288801789283752,-0.04631601646542549,0,0.10817401856184006,0.7519237995147705,0.6503141522407532,0,-0.03208402171730995,-0.6511712074279785,0.7582518458366394,0,2.566999912261963,7.105000019073486,0.039400000125169754,1,0.9948440194129944,-0.03854900598526001,-0.09380701929330826,0,0.10141602158546448,0.3710458278656006,0.9230600595474243,0,-0.0007760197622701526,-0.9278140664100647,0.3730428218841553,0,-0.0010000000474974513,2.9493000507354736,0,1,0.9999889731407166,0.004712999798357487,0.0000470000013592653,0,-0.004712999798357487,0.9999889731407166,0,0,-0.0000470000013592653,0,1,0,-0.005499999970197678,2.8015999794006348,0,1,0.989503026008606,-0.11345501244068146,-0.08950801193714142,0,0.14148101210594177,0.634354829788208,0.7599851489067078,0,-0.029444031417369843,-0.7646711468696594,0.6437478065490723,0,0.8360999822616577,7.262800216674805,-0.11010000109672546,1,0.9917330145835876,-0.0467660054564476,-0.11948902159929276,0,0.12771601974964142,0.2698558270931244,0.9543930888175964,0,-0.012389023788273335,-0.9617640376091003,0.2735978066921234,0,0.00930000003427267,3.3111000061035156,0,1,0.9999939799308777,-0.0034179999493062496,0.00014099999680183828,0,0.0034179999493062496,0.9999939799308777,0,0,-0.00014099999680183828,0,1,0,0,3.1891000270843506,0,1,0.9813089966773987,-0.1831810176372528,-0.05897001922130585,0,0.16523601114749908,0.6449798345565796,0.7461221218109131,0,-0.09864003956317902,-0.7419201135635376,0.6631928086280823,0,-0.9853000044822693,7.492700099945068,-0.01889999955892563,1,0.9896270036697388,-0.12807799875736237,-0.06506802141666412,0,0.0829709991812706,0.13982078433036804,0.9866939783096313,0,-0.11727602034807205,-0.9818580150604248,0.14899779856204987,0,0.001500000013038516,2.815500020980835,0,1,1,-0.0005579999997280538,0.000003999999989900971,0,0.0005579999997280538,1,0,0,-0.000003999999989900971,0,1,0,-0.00009999999747378752,2.7356998920440674,0,1,0.9687590003013611,-0.24115701019763947,-0.057879019528627396,0,0.2117519974708557,0.6828138828277588,0.6992331147193909,0,-0.12910404801368713,-0.6896440982818604,0.7125468850135803,0,-2.4177000522613525,7.441800117492676,0.09099999815225601,1,0.9774680137634277,-0.19713300466537476,-0.07546202093362808,0,0.08113396912813187,0.020844753831624985,0.9964849948883057,0,-0.19486701488494873,-0.9801549911499023,0.03636975586414337,0,-0.000699999975040555,2.4493000507354736,0,1,0.9999709725379944,0.007658999878913164,0.000097999996796716,0,-0.007658999878913164,0.9999709725379944,0,0,-0.000097999996796716,0,1,0,-0.006399999838322401,1.965999960899353,0,1,-0.9865639805793762,-0.06269992887973785,0.1508648693561554,0,0.13455088436603546,-0.8355989456176758,0.5326071381568909,0,0.09266790747642517,0.5457501411437988,0.8328079581260681,0,6.620200157165527,-8.816800117492676,-0.4472000002861023,1,0.9994469881057739,-0.013171778060495853,0.03054633177816868,0,0.03281008079648018,0.5416383147239685,-0.8399710059165955,0,-0.005481441970914602,0.840507984161377,0.541770339012146,0,-0.37229999899864197,36.18519973754883,0.08829999715089798,1,0.998420000076294,0.03478016331791878,-0.0441339872777462,0,0.012524927034974098,0.6279215216636658,0.7781753540039062,0,0.054778117686510086,-0.7774983644485474,0.6264945268630981,0,0,46.263099670410156,0,1,0.9983879327774048,-0.009998885914683342,0.0558718778192997,0,-0.03063470683991909,0.7337558269500732,0.6787221431732178,0,-0.047782544046640396,-0.6793401837348938,0.7322667837142944,0,0,16.368600845336914,0,1,-0.9861029982566833,-0.05126790329813957,-0.15802712738513947,0,0.032655999064445496,-0.9924530386924744,0.11819837242364883,0,-0.1628940999507904,0.11139537394046783,0.9803350567817688,0,-6.620200157165527,-8.816800117492676,-0.4472000002861023,1,0.986056923866272,0.0930241122841835,0.13797715306282043,0,-0.044336073100566864,0.9460480213165283,-0.32097792625427246,0,-0.1603921800851822,0.3103848993778229,0.9369819760322571,0,0.37209999561309814,36.18389892578125,0.49619999527931213,1,0.9890429973602295,-0.14230208098888397,0.03929400444030762,0,0.03210101276636124,0.46710485219955444,0.8836190700531006,0,-0.14409607648849487,-0.8726760745048523,0.46655383706092834,0,0,46.253299713134766,0,1,0.9978910088539124,-0.0029790110420435667,-0.06483801454305649,0,0.04575201869010925,0.7408459782600403,0.6701149940490723,0,0.04603900387883186,-0.6716690063476562,0.7394199967384338,0,0,16.863399505615234,0,1
