2.267,30,68,65
B0,mixamorig9_Hips,-1,0.9987390041351318,0.04286438971757889,-0.005798419006168842,0,-0.04241203889250755,0.998028039932251,0.04030817002058029,0,0.007305617444217205,-0.04035530239343643,0.9989588856697083,0,4.571298122406006,95.77564239501953,127.38848876953125,1
B1,mixamorig9_Spine,0,0.997329831123352,0.04048749804496765,0.05289608985185623,0,-0.035993631929159164,0.995449423789978,-0.08338072896003723,0,-0.05605199187994003,0.08109372109174728,0.9950973391532898,0,0,11.752699851989746,-0.5351999998092651,1
B2,mixamorig9_Spine1,1,0.984200656414032,0.12004663050174713,0.12807665765285492,0,-0.11245109140872955,0.9913268685340881,-0.06498726457357407,0,-0.13480991125106812,0.049348074942827225,0.9895753860473633,0,0,13.725600242614746,0,1
B3,mixamorig9_Spine2,2,0.9842352867126465,0.12141866236925125,0.1265018880367279,0,-0.11386029422283173,0.9911397695541382,-0.06540516763925552,0,-0.13335557281970978,0.0497591458261013,0.9897493720054626,0,0,15.686400413513184,0,1
B4,mixamorig9_Neck,3,0.9958072304725647,-0.027991702780127525,-0.08677700161933899,0,0.031376179307699203,0.9987329840660095,0.03805559501051903,0,0.08565477281808853,-0.04063640907406807,0.9954691529273987,0,0,17.647199630737305,0,1
B5,mixamorig9_Head,4,0.9958072304725647,-0.031910013407468796,-0.08541378378868103,0,0.031376179307699203,0.9994304180145264,-0.007415782660245895,0,0.08565477281808853,0.0046898056752979755,0.99628746509552,0,0,5.016600131988525,1.8802000284194946,1
B6,mixamorig9_HeadTop_End,5,1,0,0,0,0,1,0,0,0,0,1,0,0,20.74340057373047,7.774600028991699,1
B7,mixamorig9_LeftShoulder,3,-0.12257006764411926,-0.03119107149541378,-0.9919556975364685,0,0.9880414009094238,-0.09722910821437836,-0.11905926465988159,0,-0.09272920340299606,-0.994709849357605,0.042683590203523636,0,7.849699974060059,14.776000022888184,-0.11429999768733978,1
B8,mixamorig9_LeftArm,7,0.051567722111940384,0.9842272400856018,-0.16574294865131378,0,-0.9316943883895874,-0.010235457681119442,-0.3542793095111847,0,-0.3509058952331543,0.1752392053604126,0.9169832468032837,0,0,16.612699508666992,0,1
B9,mixamorig9_LeftForeArm,8,0.21381472051143646,0.9762076735496521,0.027550874277949333,0,-0.9763099551200867,0.21298441290855408,0.03022022731602192,0,0.023650268092751503,-0.03335997089743614,0.9991629719734192,0,0,22.575599670410156,0,1
B10,mixamorig9_LeftHand,9,0.945451557636261,0.31984925270080566,-0.00877880584448576,0,-0.29010114073753357,0.8741316199302673,0.3878968358039856,0,0.13156966865062714,-0.36522653698921204,0.9191054701805115,0,0,23.494800567626953,0,1
B11,mixamorig9_LeftHandThumb1,10,0.9244130253791809,0.36920401453971863,-0.09564927965402603,0,-0.3211039900779724,0.8887389898300171,0.3271619975566864,0,0.2057970017194748,-0.2717190086841583,0.9401149749755859,0,-2.9351999759674072,2.980299949645996,1.212499976158142,1
B12,mixamorig9_LeftHandThumb2,11,0.9986780285835266,0.05061100050806999,0.00897900015115738,0,-0.050735000520944595,0.9986109733581543,0.014241999946534634,0,-0.008244999684393406,-0.014677999541163445,0.999858021736145,0,-0.6079999804496765,3.4307000637054443,0,1
B13,mixamorig9_LeftHandThumb3,12,0.9943249821662903,0.10637500137090683,-0.0011022784747183323,0,-0.10631799697875977,0.9933289885520935,-0.044658999890089035,0,-0.0036557214334607124,0.044523000717163086,0.9990019798278809,0,0.10520000010728836,3.407099962234497,0,1
B14,mixamorig9_LeftHandThumb4,13,1,0,0,0,0,1,0,0,0,0,1,0,0.5027999877929688,2.9867000579833984,0,1
B15,mixamorig9_LeftHandIndex1,10,0.9941759705543518,0.10776899755001068,-0.00034699999378062785,0,-0.10773800313472748,0.9938070178031921,-0.027217000722885132,0,-0.002587999915704131,0.02709599956870079,0.999629020690918,0,-3.5720999240875244,9.847399711608887,0.14309999346733093,1
B16,mixamorig9_LeftHandIndex2,15,0.9999390244483948,-0.011083000339567661,-0.00023600000713486224,0,0.011083000339567661,0.9999390244483948,-4.43051760612434e-7,0,0.00023600000713486224,-0.0000022784740849601803,1,0,0.02370000071823597,3.3194000720977783,0,1
B17,mixamorig9_LeftHandIndex3,16,1,-0.00041072152089327574,0.000022721525965607725,0,0.00041072152089327574,1,0,0,-0.000022721525965607725,0,1,0,-0.01209999993443489,3.0680999755859375,0,1
B18,mixamorig9_LeftHandIndex4,17,1,0,0,0,0,1,0,0,0,0,1,0,-0.011599999852478504,2.664099931716919,0,1
B19,mixamorig9_LeftHandMiddle1,10,0.9945210218429565,0.10453099757432938,0.0010229999898001552,0,-0.10446300357580185,0.9941480159759521,-0.027501000091433525,0,-0.0038920000661164522,0.027242999523878098,0.9996209740638733,0,-1.0200999975204468,10.081199645996094,-0.2759000062942505,1
B20,mixamorig9_LeftHandMiddle2,19,0.9999570250511169,-0.00931399967521429,0.00012272152525838464,0,0.00931399967521429,0.9999570250511169,0.0002789999998640269,0,-0.0001250000059371814,-0.00027799999224953353,1,0,0.013399999588727951,3.520699977874756,0,1
B21,mixamorig9_LeftHandMiddle3,20,0.9999750256538391,0.007007999811321497,-0.00022200000239536166,0,-0.007007999811321497,0.9999750256538391,0,0,0.00022200000239536166,9.999999974752427e-7,1,0,-0.017899999395012856,3.274600028991699,0,1
B22,mixamorig9_LeftHandMiddle4,21,1,0,0,0,0,1,0,0,0,0,1,0,0.0044999998062849045,2.9179999828338623,0,1
B23,mixamorig9_LeftHandRing1,10,0.9950500130653381,0.09801799803972244,0.016339000314474106,0,-0.09755299985408783,0.994858980178833,-0.027168000116944313,0,-0.018918000161647797,0.025439999997615814,0.9994969964027405,0,1.1241999864578247,10.177499771118164,-0.24969999492168427,1
B24,mixamorig9_LeftHandRing2,23,0.9999970197677612,-0.002314999932423234,0.0002229999954579398,0,0.002314999932423234,0.9999970197677612,0.000003000000106112566,0,-0.0002229999954579398,-0.0000019999999949504854,1,0,-0.008500000461935997,2.742300033569336,0,1
B25,mixamorig9_LeftHandRing3,24,0.9998610019683838,0.016658000648021698,0.0011370000429451466,0,-0.016658000648021698,0.9998610019683838,-0.000012999999853491317,0,-0.0011370000429451466,-0.000006000000212225132,0.9999989867210388,0,-0.015399999916553497,2.8440001010894775,0,1
B26,mixamorig9_LeftHandRing4,25,1,0,0,0,0,1,0,0,0,0,1,0,0.024000000208616257,2.1342999935150146,0,1
B27,mixamorig9_LeftHandPinky1,10,0.9994180202484131,0.03203200176358223,0.011749000288546085,0,-0.031564999371767044,0.9987789988517761,-0.0379909984767437,0,-0.01295199990272522,0.03759799897670746,0.9992089867591858,0,3.4679999351501465,9.103500366210938,-0.039799999445676804,1
B28,mixamorig9_LeftHandPinky2,27,0.9980360269546509,0.06264500319957733,0.0007029999978840351,0,-0.06264899671077728,0.9979689717292786,0.011505000293254852,0,0.000018999999156221747,-0.011525999754667282,0.9999340176582336,0,0.0034000000450760126,2.641700029373169,0,1
B29,mixamorig9_LeftHandPinky3,28,0.9999229907989502,0.012418000027537346,-0.000048000001697801054,0,-0.012418000027537346,0.9999229907989502,0,0,0.000048000001697801054,0,1,0,-0.014100000262260437,2.2011001110076904,0,1
B30,mixamorig9_LeftHandPinky4,29,1,0,0,0,0,1,0,0,0,0,1,0,0.01080000028014183,1.7961000204086304,0,1
B31,mixamorig9_RightShoulder,3,-0.07864397019147873,0.000022422902475227602,0.9968992471694946,0,-0.9387733936309814,-0.33572325110435486,-0.07410690933465958,0,0.334680438041687,-0.9416924118995667,0.026399733498692513,0,-7.849699974060059,14.77750015258789,-0.14710000157356262,1
B32,mixamorig9_RightArm,31,0.8235019445419312,0.30887460708618164,-0.47563663125038147,0,-0.3520541489124298,0.9354416131973267,-0.0011182958260178566,0,0.4446689784526825,0.16836263239383698,0.8790449500083923,0,0,16.612699508666992,0,1
B33,mixamorig9_RightForeArm,32,0.9519680738449097,-0.3060525953769684,-0.004664188716560602,0,0.30608588457107544,0.9519131183624268,0.0103509072214365,0,0.0012693558819592,-0.011281387880444527,0.9999350309371948,0,0,22.570600509643555,0,1
B34,mixamorig9_RightHand,33,0.6404383778572083,0.587692141532898,0.49342605471611023,0,-0.7548293471336365,0.5976801514625549,0.2682451009750366,0,-0.13737590610980988,-0.5442261695861816,0.827381432056427,0,0,23.49340057373047,0,1
B35,mixamorig9_RightHandThumb1,34,0.9334859848022461,-0.34957098960876465,0.08002900332212448,0,0.31025901436805725,0.8991609811782837,0.3086239993572235,0,-0.17984500527381897,-0.263265997171402,0.9478117227554321,0,3.0255000591278076,3.211699962615967,1.4098999500274658,1
B36,mixamorig9_RightHandThumb2,35,0.9989590048789978,-0.045228999108076096,-0.006002999842166901,0,0.04536399990320206,0.998665988445282,0.024675000458955765,0,0.0048790001310408115,-0.024922000244259834,0.999677300453186,0,0.696399986743927,3.639699935913086,0,1
B37,mixamorig9_RightHandThumb3,36,0.9762639999389648,-0.21641400456428528,0.008546278811991215,0,0.21658100187778473,0.97536700963974,-0.04185099899768829,0,0.0007217215606942773,0.042709000408649445,0.9990869760513306,0,-0.08560000360012054,3.2702999114990234,0,1
B38,mixamorig9_RightHandThumb4,37,1,0,0,0,0,1,0,0,0,0,1,0,-0.61080002784729,2.4916999340057373,0,1
B39,mixamorig9_RightHandIndex1,34,0.9950889945030212,-0.09897799789905548,-0.0005337215261533856,0,0.09889400005340576,0.9944379925727844,-0.0362359993159771,0,0.004116999916732311,0.03600599989295006,0.9993429780006409,0,3.771899938583374,10.28030014038086,0.09109999984502792,1
B40,mixamorig9_RightHandIndex2,39,0.9999819993972778,0.006020999979227781,0.00014600000577047467,0,-0.006020999979227781,0.9999819993972778,-2.7847411843140435e-7,0,-0.00014600000577047467,-7.215258506221289e-7,1,0,-0.013500000350177288,3.08870005607605,0,1
B41,mixamorig9_RightHandIndex3,40,0.9999979734420776,0.0018402785062789917,-0.00008427847205894068,0,-0.0018402785062789917,0.9999979734420776,0,0,0.00008427847205894068,0,1,0,0.004900000058114529,2.968600034713745,0,1
B42,mixamorig9_RightHandIndex4,41,1,0,0,0,0,1,0,0,0,0,1,0,0.00860000029206276,2.4632999897003174,0,1
B43,mixamorig9_RightHandMiddle1,34,0.9952449798583984,-0.09738700091838837,-0.0017419999931007624,0,0.09726027399301529,0.9945989847183228,-0.03623899817466736,0,0.005262000020593405,0.03589700162410736,0.9993420243263245,0,0.9696000218391418,10.202899932861328,-0.3716000020503998,1
B44,mixamorig9_RightHandMiddle2,43,0.9999780058860779,0.006651999894529581,-0.00007699999696342275,0,-0.006651999894529581,0.9999780058860779,0,0,0.00007699999696342275,0,1,0,-0.009499999694526196,3.4802000522613525,0,1
B45,mixamorig9_RightHandMiddle3,44,0.999987006187439,-0.005022999830543995,0.00013699999544769526,0,0.005022999830543995,0.999987006187439,0,0,-0.00013699999544769526,9.999999974752427e-7,1,0,0.012799999676644802,3.263000011444092,0,1
B46,mixamorig9_RightHandMiddle4,45,1,0,0,0,0,1,0,0,0,0,1,0,-0.0031999999191612005,2.9082999229431152,0,1
B47,mixamorig9_RightHandRing1,34,0.9954739809036255,-0.09408000111579895,-0.013433000072836876,0,0.09354300051927567,0.9949560165405273,-0.0362199991941452,0,0.016772720962762833,0.03480000048875809,0.9992539882659912,0,-1.2293000221252441,10.39229965209961,-0.2087000012397766,1
B48,mixamorig9_RightHandRing2,47,0.9999989867210388,0.0010349999647587538,-0.000044721524318447337,0,-0.0010349999647587538,0.9999989867210388,0,0,0.000044721524318447337,0,1,0,0.002899999963119626,2.884500026702881,0,1
B49,mixamorig9_RightHandRing3,48,0.999983012676239,-0.0057680001482367516,-0.00013899999612476677,0,0.0057680001482367516,0.999983012676239,-2.7847411843140435e-7,0,0.00013899999612476677,0,1,0,0.005400000140070915,2.646399974822998,0,1
B50,mixamorig9_RightHandRing4,49,1,0,0,0,0,1,0,0,0,0,1,0,-0.00839999970048666,2.253499984741211,0,1
B51,mixamorig9_RightHandPinky1,34,0.9953359961509705,-0.09622427821159363,-0.006816999986767769,0,0.09591799974441528,0.9947289824485779,-0.036242999136447906,0,0.010269000194966793,0.035420000553131104,0.9993199706077576,0,-3.512200117111206,9.241800308227539,-0.02889999933540821,1
B52,mixamorig9_RightHandPinky2,51,0.9999780058860779,0.006666999775916338,-0.00030399998649954796,0,-0.006666999775916338,0.9999780058860779,0.0000017215259049407905,0,0.00030399998649954796,2.7847411843140435e-7,1,0,-0.0035000001080334187,2.5352001190185547,0,1
B53,mixamorig9_RightHandPinky3,52,0.9999489784240723,-0.01014500018209219,0.00005199999941396527,0,0.01014500018209219,0.9999489784240723,0,0,-0.00005199999941396527,0,1,0,0.012000000104308128,2.26990008354187,0,1
B54,mixamorig9_RightHandPinky4,53,1,0,0,0,0,1,0,0,0,0,1,0,-0.00839999970048666,1.7288000583648682,0,1
B55,mixamorig9_LeftUpLeg,0,-0.9641818404197693,0.09031880646944046,0.2478986382484436,0,-0.02721092849969864,-0.9681404829025269,0.24024240672588348,0,0.2611441910266876,0.22519925236701965,0.9360960721969604,0,9.840399742126465,-6.511499881744385,0.9520000219345093,1
B56,mixamorig9_LeftLeg,55,0.986498236656189,0.12115377187728882,0.10916033387184143,0,0.010532715357840061,0.6170685887336731,-0.7819356322288513,0,-0.16339917480945587,0.7725647687911987,0.6074280142784119,0,0,41.17900085449219,0,1
B57,mixamorig9_LeftFoot,56,0.9223319888114929,0.3609190881252289,0.13776609301567078,0,-0.3281612694263458,0.9201453924179077,-0.21354348957538605,0,-0.20384827256202698,0.151784285902977,0.967153012752533,0,0,35.32469940185547,0,1
B58,mixamorig9_LeftToeBase,57,0.997204065322876,0.015492754057049751,0.06247147545218468,0,-0.052779700607061386,0.7655402421951294,0.6409287452697754,0,-0.03789911046624184,-0.6424281597137451,0.7642221450805664,0,0,19.662200927734375,0,1
B59,mixamorig9_LeftToe_End,58,1,0,0,0,0,1,0,0,0,0,1,0,0,7.87060022354126,0,1
B60,mixamorig9_RightUpLeg,0,-0.9802564382553101,-0.11080216616392136,-0.16311542689800262,0,0.058418046683073044,-0.952991783618927,0.2946440279483795,0,-0.18859143555164337,0.2792038023471832,0.9407505393028259,0,-9.840399742126465,-6.511499881744385,0.2425999939441681,1
B61,mixamorig9_RightLeg,60,0.9824520945549011,-0.07533641904592514,-0.1704493910074234,0,-0.014078069478273392,0.881340742111206,-0.47063225507736206,0,0.1859833002090454,0.4647766947746277,0.8648160099983215,0,0,41.14780044555664,0,1
B62,mixamorig9_RightFoot,61,0.9391228556632996,-0.22649504244327545,-0.2567501366138458,0,0.326306015253067,0.36056941747665405,0.8735914826393127,0,-0.10510759800672531,-0.9041926264762878,0.41269436478614807,0,0,35.326698303222656,0,1
B63,mixamorig9_RightToeBase,62,0.9966205358505249,0.00044063705718144774,-0.0821373462677002,0,0.0528843067586422,0.7617073059082031,0.6457507610321045,0,0.06284910440444946,-0.6479129195213318,0.7591102123260498,0,0,20.054500579833984,0,1
B64,mixamorig9_RightToe_End,63,1,0,0,0,0,1,0,0,0,0,1,0,0,8.012900352478027,0,1
@52,0,1,2,3,4,5,7,8,9,10,11,12,13,15,16,17,19,20,21,23,24,25,27,28,29,31,32,33,34,35,36,37,39,40,41,43,44,45,47,48,49,51,52,53,55,56,57,58,60,61,62,63
K0.000,0.9669679999351501,0.21802200376987457,0.1320589929819107,0,-0.21202300488948822,0.9755370020866394,-0.05807900056242943,0,-0.14149099588394165,0.028161000460386276,0.9895390272140503,0,1.0629229545593262,99.37630462646484,0.11881700158119202,1,0.9750990271568298,-0.2206519991159439,0.022221000865101814,0,0.22170500457286835,0.9723060131072998,-0.07394199818372726,0,-0.005291000008583069,0.07702700048685074,0.9970149993896484,0,0,11.752699851989746,-0.5351999998092651,1,0.9952250123023987,-0.06667199730873108,0.07128699868917465,0,0.07003899663686752,0.996491014957428,-0.045820001512765884,0,-0.06798099726438522,0.05059399828314781,0.9964029788970947,0,0,13.725600242614746,0,1,0.9953709840774536,-0.06619899719953537,0.06967700272798538,0,0.06968999654054642,0.9963690042495728,-0.04891800135374069,0,-0.06618600338697433,0.05354699864983559,0.9963690042495728,0,0,15.686400413513184,0,1,0.996408998966217,0.036056999117136,-0.07660699635744095,0,-0.028324000537395477,0.9946110248565674,0.0997370034456253,0,0.07979000359773636,-0.09720899909734726,0.9920600056648254,0,0,17.647199630737305,0,1,0.996408998966217,0.03253500163555145,-0.07816799730062485,0,-0.028324000537395477,0.998117983341217,0.054388001561164856,0,0.07979000359773636,-0.051979001611471176,0.9954559803009033,0,0,5.016600131988525,1.8802000284194946,1,-0.14269700646400452,-0.04279800131917,-0.9888409972190857,0,0.9894890189170837,-0.02981399931013584,-0.14149999618530273,0,-0.02342499978840351,-0.9986389875411987,0.046601999551057816,0,7.849699974060059,14.776000022888184,-0.11429999768733978,1,0.10418099910020828,0.990414023399353,0.09070400148630142,0,-0.6199820041656494,0.13598500192165375,-0.772741973400116,0,-0.7776690125465393,0.02426999993622303,0.6282050013542175,0,0,16.612699508666992,0,1,0.6876350045204163,0.7259420156478882,0.012884999625384808,0,-0.726019024848938,0.6873080134391785,0.02247299998998642,0,0.007457999978214502,-0.024808000773191452,0.9996640086174011,0,0,22.575599670410156,0,1,0.7643290162086487,0.3002600073814392,0.5706530213356018,0,-0.4513950049877167,0.8811169862747192,0.14097900688648224,0,-0.46048200130462646,-0.36534398794174194,0.8089990019798279,0,0,23.494800567626953,0,1,0.9244130253791809,0.36920300126075745,-0.09565000236034393,0,-0.3211039900779724,0.8887389898300171,0.3271610140800476,0,0.2057970017194748,-0.2717190086841583,0.9401149749755859,0,-2.9351999759674072,2.980299949645996,1.212499976158142,1,0.9986780285835266,0.05061100050806999,0.00897900015115738,0,-0.050735000520944595,0.9986109733581543,0.014240999706089497,0,-0.008244999684393406,-0.014677999541163445,0.999858021736145,0,-0.6079999804496765,3.4307000637054443,0,1,0.9943249821662903,0.10637599974870682,-0.0011030000168830156,0,-0.10631900280714035,0.9933289885520935,-0.044658999890089035,0,-0.003654999891296029,0.044523000717163086,0.9990019798278809,0,0.10520000010728836,3.407099962234497,0,1,0.9941759705543518,0.1077679991722107,-0.00034699999378062785,0,-0.10773800313472748,0.9938070178031921,-0.027217000722885132,0,-0.002587999915704131,0.02709599956870079,0.999629020690918,0,-3.5720999240875244,9.847399711608887,0.14309999346733093,1,0.9999390244483948,-0.011083000339567661,-0.00023600000713486224,0,0.011083000339567661,0.9999390244483948,0,0,0.00023600000713486224,-0.0000019999999949504854,1,0,0.02370000071823597,3.3194000720977783,0,1,1,-0.00041000000783242285,0.00002300000051036477,0,0.00041000000783242285,1,0,0,-0.00002300000051036477,0,1,0,-0.01209999993443489,3.0680999755859375,0,1,0.9945210218429565,0.10452999919652939,0.0010229999898001552,0,-0.10446300357580185,0.9941480159759521,-0.027501000091433525,0,-0.0038920000661164522,0.027242999523878098,0.9996209740638733,0,-1.0200999975204468,10.081199645996094,-0.2759000062942505,1,0.9999570250511169,-0.00931399967521429,0.00012199999764561653,0,0.00931399967521429,0.9999570250511169,0.0002789999998640269,0,-0.0001250000059371814,-0.00027799999224953353,1,0,0.013399999588727951,3.520699977874756,0,1,0.9999750256538391,0.007007999811321497,-0.0002209999947808683,0,-0.007007999811321497,0.9999750256538391,0,0,0.0002209999947808683,0,1,0,-0.017899999395012856,3.274600028991699,0,1,0.9950510263442993,0.09801799803972244,0.016339000314474106,0,-0.09755299985408783,0.994858980178833,-0.027168000116944313,0,-0.018918000161647797,0.025439999997615814,0.9994969964027405,0,1.1241999864578247,10.177499771118164,-0.24969999492168427,1,0.9999970197677612,-0.002314999932423234,0.0002229999954579398,0,0.002314999932423234,0.9999970197677612,0,0,-0.0002229999954579398,0,1,0,-0.008500000461935997,2.742300033569336,0,1,0.9998610019683838,0.016659000888466835,0.0011370000429451466,0,-0.016659000888466835,0.9998610019683838,-0.000012999999853491317,0,-0.0011370000429451466,-0.000006000000212225132,0.9999989867210388,0,-0.015399999916553497,2.8440001010894775,0,1,0.9994180202484131,0.03203200176358223,0.011749000288546085,0,-0.031564999371767044,0.9987789988517761,-0.037992000579833984,0,-0.01295199990272522,0.037599001079797745,0.9992089867591858,0,3.4679999351501465,9.103500366210938,-0.039799999445676804,1,0.9980360269546509,0.06264500319957733,0.0007029999978840351,0,-0.06264899671077728,0.9979689717292786,0.011504000052809715,0,0.000019999999494757503,-0.011525999754667282,0.9999340176582336,0,0.0034000000450760126,2.641700029373169,0,1,0.9999229907989502,0.012418000027537346,-0.000048000001697801054,0,-0.012418000027537346,0.9999229907989502,0,0,0.000048000001697801054,0,1,0,-0.014100000262260437,2.2011001110076904,0,1,-0.0717490017414093,0.015287999995052814,0.9973059892654419,0,-0.9869760274887085,-0.14542700350284576,-0.06877599656581879,0,0.14398300647735596,-0.9892510175704956,0.025522999465465546,0,-7.849699974060059,14.77750015258789,-0.14710000157356262,1,0.7927169799804688,0.0609779991209507,-0.6065329909324646,0,-0.2668209969997406,0.9293169975280762,-0.255295991897583,0,0.5480939745903015,0.3642129898071289,0.7529550194740295,0,0,16.612699508666992,0,1,0.9901149868965149,-0.14021900296211243,-0.0033740000799298286,0,0.14023399353027344,0.990106999874115,0.004741999786347151,0,0.0026759998872876167,-0.005169000010937452,0.999983012676239,0,0,22.570600509643555,0,1,0.8052530288696289,0.29449498653411865,0.5146260261535645,0,-0.38835999369621277,0.9178109765052795,0.08246400207281113,0,-0.4480440020561218,-0.2662639915943146,0.85343998670578,0,0,23.49340057373047,0,1,0.9334859848022461,-0.34957098960876465,0.08002900332212448,0,0.31025901436805725,0.8991609811782837,0.3086239993572235,0,-0.17984500527381897,-0.263265997171402,0.947812020778656,0,3.0255000591278076,3.211699962615967,1.4098999500274658,1,0.9989590048789978,-0.045228999108076096,-0.006002999842166901,0,0.04536399990320206,0.998665988445282,0.024676000699400902,0,0.0048790001310408115,-0.024922000244259834,0.9996770024299622,0,0.696399986743927,3.639699935913086,0,1,0.9762639999389648,-0.21641400456428528,0.008546000346541405,0,0.21658100187778473,0.97536700963974,-0.04185099899768829,0,0.0007210000185295939,0.042709000408649445,0.9990869760513306,0,-0.08560000360012054,3.2702999114990234,0,1,0.9950889945030212,-0.09897799789905548,-0.0005329999839887023,0,0.09889400005340576,0.9944379925727844,-0.0362359993159771,0,0.004116999916732311,0.03600599989295006,0.9993429780006409,0,3.771899938583374,10.28030014038086,0.09109999984502792,1,0.9999819993972778,0.006020999979227781,0.00014600000577047467,0,-0.006020999979227781,0.9999819993972778,0,0,-0.00014600000577047467,0,1,0,-0.013500000350177288,3.08870005607605,0,1,0.9999979734420776,0.001841000048443675,-0.00008399999933317304,0,-0.001841000048443675,0.9999979734420776,0,0,0.00008399999933317304,0,1,0,0.004900000058114529,2.968600034713745,0,1,0.9952449798583984,-0.09738700091838837,-0.0017419999931007624,0,0.09726099669933319,0.9945989847183228,-0.03623899817466736,0,0.005262000020593405,0.03589700162410736,0.9993420243263245,0,0.9696000218391418,10.202899932861328,-0.3716000020503998,1,0.9999780058860779,0.006651999894529581,-0.00007699999696342275,0,-0.006651999894529581,0.9999780058860779,0,0,0.00007699999696342275,0,1,0,-0.009499999694526196,3.4802000522613525,0,1,0.999987006187439,-0.005022999830543995,0.00013699999544769526,0,0.005022999830543995,0.999987006187439,0,0,-0.00013699999544769526,0,1,0,0.012799999676644802,3.263000011444092,0,1,0.9954739809036255,-0.09408000111579895,-0.013433000072836876,0,0.09354300051927567,0.9949560165405273,-0.0362199991941452,0,0.016773000359535217,0.03480000048875809,0.9992539882659912,0,-1.2293000221252441,10.39229965209961,-0.2087000012397766,1,0.9999989867210388,0.0010349999647587538,-0.00004400000034365803,0,-0.0010349999647587538,0.9999989867210388,0,0,0.00004400000034365803,0,1,0,0.002899999963119626,2.884500026702881,0,1,0.999983012676239,-0.0057680001482367516,-0.00013899999612476677,0,0.0057680001482367516,0.999983012676239,0,0,0.00013899999612476677,0,1,0,0.005400000140070915,2.646399974822998,0,1,0.9953359961509705,-0.09622500091791153,-0.006816999986767769,0,0.09591799974441528,0.9947289824485779,-0.036242999136447906,0,0.010269000194966793,0.035420000553131104,0.9993199706077576,0,-3.512200117111206,9.241800308227539,-0.02889999933540821,1,0.9999780058860779,0.006666999775916338,-0.00030399998649954796,0,-0.006666999775916338,0.9999780058860779,0.000004999999873689376,0,0.00030399998649954796,-0.000003000000106112566,1,0,-0.0035000001080334187,2.5352001190185547,0,1,0.9999489784240723,-0.01014500018209219,0.00005199999941396527,0,0.01014500018209219,0.9999489784240723,0,0,-0.00005199999941396527,0,1,0,0.012000000104308128,2.26990008354187,0,1,-0.8612189888954163,0.10388000309467316,0.4975050091743469,0,0.20938299596309662,-0.8194350004196167,0.5335580110549927,0,0.46309900283813477,0.5636789798736572,0.6839630007743835,0,9.840399742126465,-6.511499881744385,0.9520000219345093,1,0.9895660281181335,0.14098499715328217,0.02969999983906746,0,0.005379000212997198,0.169841006398201,-0.9854570031166077,0,-0.1439789980649948,0.9753339886665344,0.16731099784374237,0,0,41.17900085449219,0,1,0.9160789847373962,0.3867419958114624,0.10597100108861923,0,-0.34825900197029114,0.8983169794082642,-0.26784801483154297,0,-0.1987839937210083,0.20846499502658844,0.9576159715652466,0,0,35.32469940185547,0,1,0.9970149993896484,0.004044999834150076,0.07710199803113937,0,-0.050755999982357025,0.7868540287017822,0.6150490045547485,0,-0.05818000063300133,-0.6171259880065918,0.7847099900245667,0,0,19.662200927734375,0,1,-0.9893159866333008,0.01932300068438053,-0.14450399577617645,0,-0.046004001051187515,-0.9819139838218689,0.18365399539470673,0,-0.1383419930934906,0.1883399933576584,0.9723119735717773,0,-9.840399742126465,-6.511499881744385,0.2425999939441681,1,0.9776210188865662,-0.08915700018405914,-0.19054900109767914,0,-0.014702999964356422,0.8745840191841125,-0.48465099930763245,0,0.20986099541187286,0.47660699486732483,0.8536999821662903,0,0,41.14780044555664,0,1,0.9164109826087952,-0.3445810079574585,-0.20360399782657623,0,0.3567520081996918,0.47264599800109863,0.8058120012283325,0,-0.1814350038766861,-0.8110920190811157,0.5560680031776428,0,0,35.326698303222656,0,1,0.9828220009803772,0.08058799803256989,-0.16602900624275208,0,0.07235900312662125,0.6593319773674011,0.7483620047569275,0,0.1697770059108734,-0.7475209832191467,0.642175018787384,0,0,20.054500579833984,0,1
K0.033,0.9495528340339661,0.26059338450431824,0.17447039484977722,0,-0.2485692948102951,0.9646138548851013,-0.08793827891349792,0,-0.191212460398674,0.04013408347964287,0.9807278513908386,0,0.168782040476799,100.90669250488281,0.9887372255325317,1,0.960425853729248,-0.2781294584274292,0.015046946704387665,0,0.2785024344921112,0.95806485414505,-0.06743592768907547,0,0.004340059123933315,0.06895790994167328,0.9976099729537964,0,0,11.752699851989746,-0.5351999998092651,1,0.9922319650650024,-0.1137203723192215,0.05043979734182358,0,0.11571236699819565,0.9925359487533569,-0.038507938385009766,0,-0.04568379372358322,0.04404492676258087,0.997983992099762,0,0,13.725600242614746,0,1,0.9923699498176575,-0.11356136947870255,0.04801378771662712,0,0.11556336283683777,0.9924449324607849,-0.041202932596206665,0,-0.04297178238630295,0.04643791913986206,0.9979959726333618,0,0,15.686400413513184,0,1,0.9958480000495911,0.05296311154961586,-0.07403399050235748,0,-0.04456910863518715,0.9928470253944397,0.11076108366250992,0,0.07937100529670715,-0.10700207203626633,0.9910860061645508,0,0,17.647199630737305,0,1,0.9958480000495911,0.049541112035512924,-0.07636699825525284,0,-0.04456910863518715,0.9968580007553101,0.06548207998275757,0,0.07937100529670715,-0.061806075274944305,0.9949269890785217,0,0,5.016600131988525,1.8802000284194946,1,-0.1464320421218872,-0.04419500753283501,-0.9882329702377319,0,0.9890140295028687,-0.02698003314435482,-0.14534102380275726,0,-0.02024002932012081,-0.9986590147018433,0.04766001179814339,0,7.849699974060059,14.776000022888184,-0.11429999768733978,1,0.1644475907087326,0.9778738021850586,0.12930747866630554,0,-0.5038627982139587,0.19597658514976501,-0.8412574529647827,0,-0.8479855060577393,0.07318956404924393,0.5249420404434204,0,0,16.612699508666992,0,1,0.8236770033836365,0.5669922232627869,0.00867396965622902,0,-0.5670521855354309,0.8234950304031372,0.01755194365978241,0,0.0028089662082493305,-0.019375938922166824,0.9998080134391785,0,0,22.575599670410156,0,1,0.5580350756645203,0.31642231345176697,0.767119288444519,0,-0.4798252284526825,0.8772696852684021,-0.01281165610998869,0,-0.6770244240760803,-0.36093443632125854,0.6413756012916565,0,0,23.494800567626953,0,1,0.9244130253791809,0.36920401453971863,-0.09564899653196335,0,-0.3211039900779724,0.8887389898300171,0.3271610140800476,0,0.2057970017194748,-0.2717190086841583,0.9401149749755859,0,-2.9351999759674072,2.980299949645996,1.212499976158142,1,0.9986780285835266,0.05061100050806999,0.00897900015115738,0,-0.050735000520944595,0.9986109733581543,0.014240999706089497,0,-0.008244999684393406,-0.014677999541163445,0.999858021736145,0,-0.6079999804496765,3.4307000637054443,0,1,0.9943249821662903,0.10637500137090683,-0.0011020000092685223,0,-0.10631799697875977,0.9933289885520935,-0.044658999890089035,0,-0.0036559998989105225,0.044523000717163086,0.9990019798278809,0,0.10520000010728836,3.407099962234497,0,1,0.9941759705543518,0.1077679991722107,-0.00034699999378062785,0,-0.10773800313472748,0.9938070178031921,-0.027217000722885132,0,-0.002587999915704131,0.02709599956870079,0.999629020690918,0,-3.5720999240875244,9.847399711608887,0.14309999346733093,1,0.9999390244483948,-0.011083000339567661,-0.00023600000713486224,0,0.011083000339567661,0.9999390244483948,0,0,0.00023600000713486224,-0.0000019999999949504854,1,0,0.02370000071823597,3.3194000720977783,0,1,1,-0.00041000000783242285,0.000022000000171829015,0,0.00041000000783242285,1,0,0,-0.000022000000171829015,0,1,0,-0.01209999993443489,3.0680999755859375,0,1,0.9945210218429565,0.10453099757432938,0.0010229999898001552,0,-0.10446300357580185,0.9941480159759521,-0.027501000091433525,0,-0.0038920000661164522,0.027242999523878098,0.9996209740638733,0,-1.0200999975204468,10.081199645996094,-0.2759000062942505,1,0.9999570250511169,-0.00931399967521429,0.00012199999764561653,0,0.00931399967521429,0.9999570250511169,0.0002789999998640269,0,-0.0001250000059371814,-0.00027799999224953353,1,0,0.013399999588727951,3.520699977874756,0,1,0.9999750256538391,0.007007999811321497,-0.00022100000933278352,0,-0.007007999811321497,0.9999750256538391,0,0,0.00022100000933278352,0,1,0,-0.017899999395012856,3.274600028991699,0,1,0.9950500130653381,0.09801799803972244,0.016339000314474106,0,-0.09755299985408783,0.994858980178833,-0.027168000116944313,0,-0.018918000161647797,0.025439999997615814,0.9994969964027405,0,1.1241999864578247,10.177499771118164,-0.24969999492168427,1,0.9999970197677612,-0.002314999932423234,0.0002229999954579398,0,0.002314999932423234,0.9999970197677612,0,0,-0.0002229999954579398,0,1,0,-0.008500000461935997,2.742300033569336,0,1,0.9998610019683838,0.016658000648021698,0.0011370000429451466,0,-0.016658000648021698,0.9998610019683838,-0.000012999999853491317,0,-0.0011370000429451466,-0.000006000000212225132,0.9999989867210388,0,-0.015399999916553497,2.8440001010894775,0,1,0.9994180202484131,0.03203200176358223,0.011749000288546085,0,-0.031564999371767044,0.9987789988517761,-0.0379909984767437,0,-0.01295199990272522,0.037599001079797745,0.9992089867591858,0,3.4679999351501465,9.103500366210938,-0.039799999445676804,1,0.9980360269546509,0.06264500319957733,0.0007029999978840351,0,-0.06264899671077728,0.9979689717292786,0.011505000293254852,0,0.00001900001007015817,-0.011525999754667282,0.9999340176582336,0,0.0034000000450760126,2.641700029373169,0,1,0.9999229907989502,0.012418000027537346,-0.000048000001697801054,0,-0.012418000027537346,0.9999229907989502,0,0,0.000048000001697801054,0,1,0,-0.014100000262260437,2.2011001110076904,0,1,-0.07080597430467606,0.0186100285500288,0.9973170161247253,0,-0.9924440383911133,-0.10175760835409164,-0.06856098771095276,0,0.10020860284566879,-0.9946350455284119,0.02567399851977825,0,-7.849699974060059,14.77750015258789,-0.14710000157356262,1,0.755345344543457,-0.12403009086847305,-0.643481969833374,0,-0.1748960167169571,0.9081563949584961,-0.3803464472293854,0,0.6315568089485168,0.39983510971069336,0.6642799973487854,0,0,16.612699508666992,0,1,0.9963060021400452,-0.0858205258846283,-0.0031649989541620016,0,0.08582952618598938,0.9963060021400452,0.002902983920648694,0,0.002904001157730818,-0.0031639826484024525,0.9999909996986389,0,0,22.570600509643555,0,1,0.7969396710395813,0.1941412091255188,0.5720106363296509,0,-0.24720169603824615,0.9688382148742676,0.015584426000714302,0,-0.5511599183082581,-0.1538218855857849,0.8200984597206116,0,0,23.49340057373047,0,1,0.9334859848022461,-0.34957098960876465,0.08002900332212448,0,0.31025901436805725,0.8991609811782837,0.3086239993572235,0,-0.17984500527381897,-0.263265997171402,0.9478110074996948,0,3.0255000591278076,3.211699962615967,1.4098999500274658,1,0.9989590048789978,-0.04522800073027611,-0.006002999842166901,0,0.04536399990320206,0.998665988445282,0.024675000458955765,0,0.0048790001310408115,-0.024922000244259834,0.9996770024299622,0,0.696399986743927,3.639699935913086,0,1,0.9762639999389648,-0.21641400456428528,0.008546000346541405,0,0.21658100187778473,0.97536700963974,-0.04185099899768829,0,0.0007210000185295939,0.042709000408649445,0.9990869760513306,0,-0.08560000360012054,3.2702999114990234,0,1,0.9950900077819824,-0.09897799789905548,-0.0005329999839887023,0,0.09889300167560577,0.9944379925727844,-0.0362359993159771,0,0.004116999916732311,0.03600599989295006,0.9993429780006409,0,3.771899938583374,10.28030014038086,0.09109999984502792,1,0.9999819993972778,0.006020999979227781,0.00014600000577047467,0,-0.006020999979227781,0.9999819993972778,0,0,-0.00014600000577047467,-0.0000010000200063586817,1,0,-0.013500000350177288,3.08870005607605,0,1,0.9999979734420776,0.0018400000408291817,-0.00008499999239575118,0,-0.0018400000408291817,0.9999979734420776,0,0,0.00008499999239575118,0,1,0,0.004900000058114529,2.968600034713745,0,1,0.9952449798583984,-0.09738700091838837,-0.0017419999931007624,0,0.0972599983215332,0.9945989847183228,-0.03623899817466736,0,0.005262000020593405,0.03589700162410736,0.9993420243263245,0,0.9696000218391418,10.202899932861328,-0.3716000020503998,1,0.9999780058860779,0.006651999894529581,-0.00007699999696342275,0,-0.006651999894529581,0.9999780058860779,0.0000029999700927874073,0,0.00007699999696342275,-0.0000029999700927874073,1,0,-0.009499999694526196,3.4802000522613525,0,1,0.999987006187439,-0.005022999830543995,0.00013699999544769526,0,0.005022999830543995,0.999987006187439,0,0,-0.00013699999544769526,0,1,0,0.012799999676644802,3.263000011444092,0,1,0.9954739809036255,-0.09408000111579895,-0.013431999832391739,0,0.09354200214147568,0.9949560165405273,-0.0362199991941452,0,0.01677200011909008,0.03480000048875809,0.9992539882659912,0,-1.2293000221252441,10.39229965209961,-0.2087000012397766,1,0.9999989867210388,0.0010349999647587538,-0.000045000000682193786,0,-0.0010349999647587538,0.9999989867210388,0.0000019999799860670464,0,0.000045000000682193786,-0.0000019999799860670464,1,0,0.002899999963119626,2.884500026702881,0,1,0.999983012676239,-0.0057680001482367516,-0.00013899998157285154,0,0.0057680001482367516,0.999983012676239,0,0,0.00013899998157285154,0,1,0,0.005400000140070915,2.646399974822998,0,1,0.9953359961509705,-0.09622400254011154,-0.006816999986767769,0,0.09591799974441528,0.9947289824485779,-0.036242999136447906,0,0.010269000194966793,0.035420000553131104,0.9993199706077576,0,-3.512200117111206,9.241800308227539,-0.02889999933540821,1,0.9999780058860779,0.006666999775916338,-0.00030399998649954796,0,-0.006666999775916338,0.9999780058860779,0.0000029999901016708463,0,0.00030399998649954796,0,1,0,-0.0035000001080334187,2.5352001190185547,0,1,0.9999489784240723,-0.01014500018209219,0.00005199999941396527,0,0.01014500018209219,0.9999489784240723,0,0,-0.00005199999941396527,0,1,0,0.012000000104308128,2.26990008354187,0,1,-0.8153274655342102,0.11186418682336807,0.5680906772613525,0,0.28767067193984985,-0.7732275724411011,0.5651241540908813,0,0.5024803280830383,0.6241844892501831,0.5982531905174255,0,9.840399742126465,-6.511499881744385,0.9520000219345093,1,0.9903780221939087,0.13743694126605988,0.01618589274585247,0,0.004157991614192724,0.08736129105091095,-0.9961680769920349,0,-0.13832493126392365,0.9866500496864319,0.08594930171966553,0,0,41.17900085449219,0,1,0.9240900874137878,0.3629556894302368,0.11967015266418457,0,-0.31774163246154785,0.9036520719528198,-0.2871471643447876,0,-0.21236111223697662,0.2273251861333847,0.9503819346427917,0,0,35.32469940185547,0,1,0.9971680045127869,0.006104019470512867,0.07496097683906555,0,-0.04955098778009415,0.8031121492385864,0.5937637686729431,0,-0.05657798424363136,-0.5957967638969421,0.8011401891708374,0,0,19.662200927734375,0,1,-0.9862929582595825,0.06868350505828857,-0.15003108978271484,0,-0.09497550874948502,-0.9798349142074585,0.17579391598701477,0,-0.13493101298809052,0.1876329779624939,0.9729269742965698,0,-9.840399742126465,-6.511499881744385,0.2425999939441681,1,0.9792060256004333,-0.08583490550518036,-0.1838139295578003,0,-0.016205018386244774,0.870089054107666,-0.49262887239456177,0,0.2022198736667633,0.4853638708591461,0.8506050705909729,0,0,41.14780044555664,0,1,0.9262441396713257,-0.3469529151916504,-0.14729437232017517,0,0.3358657658100128,0.5823582410812378,0.7403059005737305,0,-0.1710728406906128,-0.7351748943328857,0.6559361219406128,0,0,35.326698303222656,0,1,0.972335934638977,0.12493428587913513,-0.19736702740192413,0,0.08832625299692154,0.5855595469474792,0.8058028221130371,0,0.21624308824539185,-0.8009438514709473,0.5583255887031555,0,0,20.054500579833984,0,1
