1.967,30,59,65
B0,mixamorig9_Hips,-1,0.732481837272644,0.002628318266943097,0.6807810664176941,0,0.052621982991695404,0.9967817664146423,-0.0604664608836174,0,-0.6787493228912354,0.08011510968208313,0.7299870252609253,0,0.5679727792739868,90.77766418457031,-1.327857494354248,1
B1,mixamorig9_Spine,0,0.9968029856681824,-0.013683059252798557,-0.07871463149785995,0,0.017918484285473824,0.9984151124954224,0.0533495731651783,0,0.07785966992378235,-0.054589755833148956,0.9954687356948853,0,0,11.752699851989746,-0.5351999998092651,1
B2,mixamorig9_Spine1,1,0.9862425923347473,-0.012499460019171238,-0.16483023762702942,0,0.04492511972784996,0.9798732995986938,0.19449926912784576,0,0.15908175706863403,-0.19922851026058197,0.9669541120529175,0,0,13.725600242614746,0,1
B3,mixamorig9_Spine2,2,0.9862425923347473,-0.012499460019171238,-0.16483023762702942,0,0.04492511972784996,0.9798732995986938,0.19449926912784576,0,0.15908175706863403,-0.19922851026058197,0.9669541120529175,0,0,15.686400413513184,0,1
B4,mixamorig9_Neck,3,0.9999740123748779,0.0009061660966835916,0.007209816947579384,0,-0.0010777993593364954,0.9997150897979736,0.023829501122236252,0,-0.007186408154666424,-0.023837093263864517,0.9996901154518127,0,0,17.647199630737305,0,1
B5,mixamorig9_Head,4,0.9999740123748779,0.0012331662001088262,0.007161408197134733,0,-0.0010777993593364954,0.9997645020484924,-0.021671906113624573,0,-0.007186408154666424,0.021663906052708626,0.9997395277023315,0,0,5.016600131988525,1.8802000284194946,1
B6,mixamorig9_HeadTop_End,5,1,0,0,0,0,1,0,0,0,0,1,0,0,20.74340057373047,7.774600028991699,1
B7,mixamorig9_LeftShoulder,3,-0.013945907354354858,0.027463464066386223,-0.9995254874229431,0,0.8908766508102417,-0.4535615146160126,-0.024892017245292664,0,-0.45403027534484863,-0.8908008337020874,-0.01814199984073639,0,7.849699974060059,14.776000022888184,-0.11429999768733978,1
B8,mixamorig9_LeftArm,7,0.9761807322502136,0.021581631153821945,0.21588237583637238,0,-0.16642959415912628,0.7128282189369202,0.6813051104545593,0,-0.1391833871603012,-0.7010061740875244,0.6994410753250122,0,0,16.612699508666992,0,1
B9,mixamorig9_LeftForeArm,8,0.6562549471855164,0.7473751306533813,-0.10372791439294815,0,-0.7468174695968628,0.6629884839057922,0.052045077085494995,0,0.10766705125570297,0.043310776352882385,0.9932431578636169,0,0,22.575599670410156,0,1
B10,mixamorig9_LeftHand,9,0.9610843062400818,-0.10203948616981506,-0.25671979784965515,0,0.02934270352125168,0.9617290496826172,-0.27241185307502747,0,0.27469223737716675,0.2542777955532074,0.9272971153259277,0,0,23.494800567626953,0,1
B11,mixamorig9_LeftHandThumb1,10,0.9121960401535034,0.3539723753929138,-0.2064027488231659,0,-0.1991843283176422,0.8232630491256714,0.5315667390823364,0,0.3580839931964874,-0.44378092885017395,0.8214832544326782,0,-2.9351999759674072,2.980299949645996,1.212499976158142,1
B12,mixamorig9_LeftHandThumb2,11,0.978924572467804,0.20406612753868103,0.007974384352564812,0,-0.2039279043674469,0.9788635969161987,-0.015464826487004757,0,-0.010962218046188354,0.013512595556676388,0.9998486042022705,0,-0.6079999804496765,3.4307000637054443,0,1
B13,mixamorig9_LeftHandThumb3,12,0.9907619953155518,0.13549800217151642,0.00559999980032444,0,-0.13549500703811646,0.9907780289649963,-0.0009430000209249556,0,-0.005675999913364649,0.00017499999376013875,0.9999840259552002,0,0.10520000010728836,3.407099962234497,0,1
B14,mixamorig9_LeftHandThumb4,13,1,0,0,0,0,1,0,0,0,0,1,0,0.5027999877929688,2.9867000579833984,0,1
B15,mixamorig9_LeftHandIndex1,10,0.9738926887512207,0.22662962973117828,0.013107716105878353,0,-0.2269984483718872,0.9727683663368225,0.046834319829940796,0,-0.0021369135938584805,-0.04858696833252907,0.9988164901733398,0,-3.5720999240875244,9.847399711608887,0.14309999346733093,1
B16,mixamorig9_LeftHandIndex2,15,0.9994778037071228,-0.032196011394262314,-0.0028186505660414696,0,0.03165315091609955,0.9575305581092834,0.2865901589393616,0,-0.0065275742672383785,-0.2865297496318817,0.9580487608909607,0,0.02370000071823597,3.3194000720977783,0,1
B17,mixamorig9_LeftHandIndex3,16,1,-0.00041000000783242285,0.00002300000051036477,0,0.00041000000783242285,1,0,0,-0.00002300000051036477,0,1,0,-0.01209999993443489,3.0680999755859375,0,1
B18,mixamorig9_LeftHandIndex4,17,1,0,0,0,0,1,0,0,0,0,1,0,-0.011599999852478504,2.664099931716919,0,1
B19,mixamorig9_LeftHandMiddle1,10,0.9975993633270264,-0.06439436972141266,-0.025457575917243958,0,0.06844665110111237,0.9726775884628296,0.22183969616889954,0,0.010477276518940926,-0.2230498045682907,0.974750280380249,0,-1.0200999975204468,10.081199645996094,-0.2759000062942505,1
B20,mixamorig9_LeftHandMiddle2,19,0.9999566078186035,0.008255747146904469,0.0042733908630907536,0,-0.009259972721338272,0.9251657128334045,0.3794499933719635,0,-0.0008212006650865078,-0.3794729709625244,0.9252020716667175,0,0.013399999588727951,3.520699977874756,0,1
B21,mixamorig9_LeftHandMiddle3,20,0.9999750256538391,0.007007999811321497,-0.00022159169020596892,0,-0.007007999811321497,0.9999750256538391,0,0,0.00022159169020596892,9.999999974752427e-7,1,0,-0.017899999395012856,3.274600028991699,0,1
B22,mixamorig9_LeftHandMiddle4,21,1,0,0,0,0,1,0,0,0,0,1,0,0.0044999998062849045,2.9179999828338623,0,1
B23,mixamorig9_LeftHandRing1,10,0.9839680790901184,-0.17687992751598358,-0.02280101738870144,0,0.16548952460289001,0.8578953742980957,0.486444354057312,0,-0.06648056209087372,-0.48241913318634033,0.8734135031700134,0,1.1241999864578247,10.177499771118164,-0.24969999492168427,1
B24,mixamorig9_LeftHandRing2,23,0.9997419714927673,0.02270539104938507,0.0006879412103444338,0,-0.01952371560037136,0.8433778882026672,0.5369651317596436,0,0.011611207388341427,-0.5368401408195496,0.8436038494110107,0,-0.008500000461935997,2.742300033569336,0,1
B25,mixamorig9_LeftHandRing3,24,0.9998610019683838,0.016658000648021698,0.0011370000429451466,0,-0.016658000648021698,0.9998610019683838,-0.000012999999853491317,0,-0.0011370000429451466,-0.000006000000212225132,0.9999989867210388,0,-0.015399999916553497,2.8440001010894775,0,1
B26,mixamorig9_LeftHandRing4,25,1,0,0,0,0,1,0,0,0,0,1,0,0.024000000208616257,2.1342999935150146,0,1
B27,mixamorig9_LeftHandPinky1,10,0.9705800414085388,-0.23548229038715363,-0.05022404342889786,0,0.22576813399791718,0.8175560235977173,0.5297461152076721,0,-0.08368393778800964,-0.5255004167556763,0.8466676473617554,0,3.4679999351501465,9.103500366210938,-0.039799999445676804,1
B28,mixamorig9_LeftHandPinky2,27,0.9974763989448547,0.0710013285279274,0.00013705882884096354,0,-0.054560236632823944,0.7652639150619507,0.6414000391960144,0,0.045435354113578796,-0.639788806438446,0.767206072807312,0,0.0034000000450760126,2.641700029373169,0,1
B29,mixamorig9_LeftHandPinky3,28,0.9999229907989502,0.012418408878147602,-0.000048000001697801054,0,-0.012418408878147602,0.9999229907989502,0,0,0.000048000001697801054,0,1,0,-0.014100000262260437,2.2011001110076904,0,1
B30,mixamorig9_LeftHandPinky4,29,1,0,0,0,0,1,0,0,0,0,1,0,0.01080000028014183,1.7961000204086304,0,1
B31,mixamorig9_RightShoulder,3,0.13198111951351166,-0.029055526480078697,0.9908261895179749,0,-0.8656130433082581,-0.49043574929237366,0.10092038661241531,0,0.48300403356552124,-0.8709918856620789,-0.08988041430711746,0,-7.849699974060059,14.77750015258789,-0.14710000157356262,1
B32,mixamorig9_RightArm,31,0.9082179665565491,0.40960240364074707,-0.0858197808265686,0,-0.2549852728843689,0.7042113542556763,0.662621259689331,0,0.33184733986854553,-0.5799224972724915,0.7440192699432373,0,0,16.612699508666992,0,1
B33,mixamorig9_RightForeArm,32,0.7398280501365662,-0.6674245595932007,-0.08484058827161789,0,0.672785758972168,0.7332585453987122,0.09843926876783371,0,-0.0034906829241663218,-0.12990784645080566,0.9915193319320679,0,0,22.570600509643555,0,1
B34,mixamorig9_RightHand,33,0.9815260767936707,-0.1266012191772461,0.14345140755176544,0,0.08552727848291397,0.9610141515731812,0.26293906569480896,0,-0.17114706337451935,-0.24581199884414673,0.9540881514549255,0,0,23.49340057373047,0,1
B35,mixamorig9_RightHandThumb1,34,0.936270534992218,-0.342851847410202,-0.07647784054279327,0,0.345580130815506,0.8599382638931274,0.37560635805130005,0,-0.063011534512043,-0.3780979514122009,0.9236183762550354,0,3.0255000591278076,3.211699962615967,1.4098999500274658,1
B36,mixamorig9_RightHandThumb2,35,0.9886309504508972,0.14990007877349854,-0.011770457029342651,0,-0.1499740183353424,0.9886730909347534,-0.0056776925921440125,0,0.010786187835037708,0.007378356996923685,0.999914288520813,0,0.696399986743927,3.639699935913086,0,1
B37,mixamorig9_RightHandThumb3,36,0.9771400094032288,-0.21258999407291412,-0.0016980000073090196,0,0.21258899569511414,0.9771419763565063,-0.00041599999531172216,0,0.0017480000387877226,0.00004600000102072954,0.9999979734420776,0,-0.08560000360012054,3.2702999114990234,0,1
B38,mixamorig9_RightHandThumb4,37,1,0,0,0,0,1,0,0,0,0,1,0,-0.61080002784729,2.4916999340057373,0,1
B39,mixamorig9_RightHandIndex1,34,0.996505618095398,-0.08086428046226501,-0.02092619054019451,0,0.0822291299700737,0.9937352538108826,0.07568301260471344,0,0.01467504445463419,-0.0771392434835434,0.9969121217727661,0,3.771899938583374,10.28030014038086,0.09109999984502792,1
B40,mixamorig9_RightHandIndex2,39,0.9997366666793823,0.02291739359498024,0.0014063701964914799,0,-0.021741345524787903,0.9251468181610107,0.37897807359695435,0,0.00738380616530776,-0.3789086639881134,0.9254017472267151,0,-0.013500000350177288,3.08870005607605,0,1
B41,mixamorig9_RightHandIndex3,40,0.9999979734420776,0.001841000048443675,-0.00008459169475827366,0,-0.001841000048443675,0.9999979734420776,0,0,0.00008459169475827366,0,1,0,0.004900000058114529,2.968600034713745,0,1
B42,mixamorig9_RightHandIndex4,41,1,0,0,0,0,1,0,0,0,0,1,0,0.00860000029206276,2.4632999897003174,0,1
B43,mixamorig9_RightHandMiddle1,34,0.9989750385284424,-0.04254841059446335,-0.015462201088666916,0,0.04466778039932251,0.9819623231887817,0.18372491002082825,0,0.007365899626165628,-0.18422751128673553,0.9828558564186096,0,0.9696000218391418,10.202899932861328,-0.3716000020503998,1
B44,mixamorig9_RightHandMiddle2,43,0.9998061656951904,-0.018002407625317574,-0.008003920316696167,0,0.01949843391776085,0.8460809588432312,0.5326933264732361,0,-0.002817913657054305,-0.5327461361885071,0.8462674617767334,0,-0.009499999694526196,3.4802000522613525,0,1
B45,mixamorig9_RightHandMiddle3,44,0.999987006187439,-0.005022999830543995,0.00013640830002259463,0,0.005022999830543995,0.999987006187439,0,0,-0.00013640830002259463,9.999999974752427e-7,1,0,0.012799999676644802,3.263000011444092,0,1
B46,mixamorig9_RightHandMiddle4,45,1,0,0,0,0,1,0,0,0,0,1,0,-0.0031999999191612005,2.9082999229431152,0,1
B47,mixamorig9_RightHandRing1,34,0.9985747933387756,0.046838752925395966,0.02557242661714554,0,-0.05276165157556534,0.9383941888809204,0.34151318669319153,0,-0.008001329377293587,-0.342376172542572,0.9395286440849304,0,-1.2293000221252441,10.39229965209961,-0.2087000012397766,1
B48,mixamorig9_RightHandRing2,47,0.9988129734992981,-0.04758915677666664,-0.010399931110441685,0,0.043793074786663055,0.7837525010108948,0.6195261478424072,0,-0.02133125625550747,-0.6192463040351868,0.7849065065383911,0,0.002899999963119626,2.884500026702881,0,1
B49,mixamorig9_RightHandRing3,48,0.999983012676239,-0.0057680001482367516,-0.00013899999612476677,0,0.0057680001482367516,0.999983012676239,0,0,0.00013899999612476677,0,1,0,0.005400000140070915,2.646399974822998,0,1
B50,mixamorig9_RightHandRing4,49,1,0,0,0,0,1,0,0,0,0,1,0,-0.00839999970048666,2.253499984741211,0,1
B51,mixamorig9_RightHandPinky1,34,0.994681179523468,0.09137116372585297,0.04754205793142319,0,-0.10245998203754425,0.9249463677406311,0.36602678894996643,0,-0.010529312305152416,-0.36895179748535156,0.929388701915741,0,-3.512200117111206,9.241800308227539,-0.02889999933540821,1
B52,mixamorig9_RightHandPinky2,51,0.9927991628646851,-0.1184215396642685,-0.018064165487885475,0,0.09770326316356659,0.7132563591003418,0.6939436197280884,0,-0.06930233538150787,-0.6907099485397339,0.7196905016899109,0,-0.0035000001080334187,2.5352001190185547,0,1
B53,mixamorig9_RightHandPinky3,52,0.9999489784240723,-0.01014500018209219,0.00005199999941396527,0,0.01014500018209219,0.9999489784240723,0,0,-0.00005199999941396527,0,1,0,0.012000000104308128,2.26990008354187,0,1
B54,mixamorig9_RightHandPinky4,53,1,0,0,0,0,1,0,0,0,0,1,0,-0.00839999970048666,1.7288000583648682,0,1
B55,mixamorig9_LeftUpLeg,0,-0.9606709480285645,-0.19480954110622406,0.19789186120033264,0,0.2553796172142029,-0.8996644020080566,0.35409629344940186,0,0.10905486345291138,0.39070791006088257,0.9140318036079407,0,9.840399742126465,-6.511499881744385,0.9520000219345093,1
B56,mixamorig9_LeftLeg,55,0.9629639387130737,-0.18356554210186005,-0.19749465584754944,0,0.039809104055166245,0.82123202085495,-0.5692039728164673,0,0.26667535305023193,0.5402611494064331,0.7981244921684265,0,0,41.17900085449219,0,1
B57,mixamorig9_LeftFoot,56,0.9952632784843445,-0.07022817432880402,0.06722084432840347,0,-0.021676085889339447,0.5137521028518677,0.8576650023460388,0,-0.09476687759160995,-0.8550593852996826,0.5097965002059937,0,0,35.32469940185547,0,1
B58,mixamorig9_LeftToeBase,57,0.9986467361450195,-0.03629109635949135,0.03724450618028641,0,0.0007352249231189489,0.7259935736656189,0.687701404094696,0,-0.051996469497680664,-0.6867433786392212,0.7250375747680664,0,0,19.662200927734375,0,1
B59,mixamorig9_LeftToe_End,58,1,0,0,0,0,1,0,0,0,0,1,0,0,7.87060022354126,0,1
B60,mixamorig9_RightUpLeg,0,-0.9346431493759155,0.25803786516189575,-0.24465914070606232,0,-0.25355473160743713,-0.9660166501998901,-0.05021505057811737,0,-0.24930201470851898,0.015101591125130653,0.9683074355125427,0,-9.840399742126465,-6.511499881744385,0.2425999939441681,1
B61,mixamorig9_RightLeg,60,0.9894325137138367,-0.055622201412916183,-0.1339017152786255,0,-0.027423283085227013,0.8350356221199036,-0.5495112538337708,0,0.14237771928310394,0.5473764538764954,0.8246861100196838,0,0,41.14780044555664,0,1
B62,mixamorig9_RightFoot,61,0.9639344215393066,0.26483625173568726,-0.026294032111763954,0,-0.0368301123380661,0.23059162497520447,0.9723532199859619,0,0.2635776698589325,-0.9363170266151428,0.23202939331531525,0,0,35.326698303222656,0,1
B63,mixamorig9_RightToeBase,62,0.9955845475196838,0.0014227093197405338,-0.09385604411363602,0,0.061608828604221344,0.7444693446159363,0.6648072600364685,0,0.0708194375038147,-0.667654812335968,0.7410950064659119,0,0,20.054500579833984,0,1
B64,mixamorig9_RightToe_End,63,1,0,0,0,0,1,0,0,0,0,1,0,0,8.012900352478027,0,1
@52,0,1,2,3,4,5,7,8,9,10,11,12,13,15,16,17,19,20,21,23,24,25,27,28,29,31,32,33,34,35,36,37,39,40,41,43,44,45,47,48,49,51,52,53,55,56,57,58,60,61,62,63
K0.000,0.7318050265312195,0.0027000000700354576,0.6815090179443359,0,0.050884000957012177,0.9969840049743652,-0.05858999863266945,0,-0.6796119809150696,0.07755500078201294,0.7294610142707825,0,0.5897390246391296,90.7066421508789,-1.4645240306854248,1,0.9967929720878601,-0.013887999579310417,-0.0788080021739006,0,0.018233999609947205,0.9983360171318054,0.05470599979162216,0,0.07791700214147568,-0.055966999381780624,0.9953879714012146,0,0,11.752699851989746,-0.5351999998092651,1,0.9861840009689331,-0.012981000356376171,-0.16514399647712708,0,0.04589900001883507,0.9793050289154053,0.19711899757385254,0,0.15916700661182404,-0.2019760012626648,0.9663699865341187,0,0,13.725600242614746,0,1,0.9861840009689331,-0.012981000356376171,-0.16514399647712708,0,0.04589900001883507,0.9793050289154053,0.19711899757385254,0,0.15916700661182404,-0.2019750028848648,0.9663699865341187,0,0,15.686400413513184,0,1,0.9999719858169556,0.00120900000911206,0.007445000112056732,0,-0.001361000002361834,0.9997900128364563,0.02045300044119358,0,-0.0074189999140799046,-0.020462999120354652,0.999763011932373,0,0,17.647199630737305,0,1,0.9999719858169556,0.0015460000140592456,0.0073819998651742935,0,-0.001361000002361834,0.9996849894523621,-0.0250489991158247,0,-0.0074189999140799046,0.02503800019621849,0.99965900182724,0,0,5.016600131988525,1.8802000284194946,1,-0.008237999863922596,0.026575999334454536,-0.9996129870414734,0,0.8859339952468872,-0.46339699625968933,-0.01962199993431568,0,-0.4637390077114105,-0.8857520222663879,-0.01972699910402298,0,7.849699974060059,14.776000022888184,-0.11429999768733978,1,0.9750239849090576,0.020402999594807625,0.22115899622440338,0,-0.16837699711322784,0.7172629833221436,0.6761540174484253,0,-0.14483299851417542,-0.6965039968490601,0.70278400182724,0,0,16.612699508666992,0,1,0.6653130054473877,0.7395179867744446,-0.10233400017023087,0,-0.7393509745597839,0.6716740131378174,0.04704900085926056,0,0.10352899879217148,0.04435800015926361,0.9936370253562927,0,0,22.575599670410156,0,1,0.9610990285873413,-0.10331600159406662,-0.25615501403808594,0,0.018501000478863716,0.9494040012359619,-0.31351199746131897,0,0.27558499574661255,0.29657700657844543,0.9143819808959961,0,0,23.494800567626953,0,1,0.9116460084915161,0.3567799925804138,-0.20398299396038055,0,-0.20204900205135345,0.8213030099868774,0.5335140228271484,0,0.35787901282310486,-0.44516101479530334,0.8208249807357788,0,-2.9351999759674072,2.980299949645996,1.212499976158142,1,0.9789230227470398,0.20407399535179138,0.008003000169992447,0,-0.2039400041103363,0.9788690209388733,-0.014976000413298607,0,-0.010889999568462372,0.013027999550104141,0.9998559951782227,0,-0.6079999804496765,3.4307000637054443,0,1,0.9907619953155518,0.13549800217151642,0.00559999980032444,0,-0.13549500703811646,0.9907780289649963,-0.0009430000209249556,0,-0.005675999913364649,0.00017499999376013875,0.9999840259552002,0,0.10520000010728836,3.407099962234497,0,1,0.9740030169487,0.226173996925354,0.012790000066161156,0,-0.22651199996471405,0.9731559753417969,0.0407320000231266,0,-0.0032339999452233315,-0.042569998651742935,0.9990879893302917,0,-3.5720999240875244,9.847399711608887,0.14309999346733093,1,0.9994680285453796,-0.03247300162911415,-0.002993999980390072,0,0.031998999416828156,0.9588389992713928,0.2821420133113861,0,-0.006291000172495842,-0.2820869982242584,0.9593679904937744,0,0.02370000071823597,3.3194000720977783,0,1,1,-0.00041000000783242285,0.000022000000171829015,0,0.00041000000783242285,1,0,0,-0.000022000000171829015,0,1,0,-0.01209999993443489,3.0680999755859375,0,1,0.9970080256462097,-0.07236099988222122,-0.027201000601053238,0,0.07652399688959122,0.9736909866333008,0.21463799476623535,0,0.010954000055789948,-0.2160779982805252,0.9763150215148926,0,-1.0200999975204468,10.081199645996094,-0.2759000062942505,1,0.9999610185623169,0.007860999554395676,0.004009000025689602,0,-0.0087890001013875,0.927731990814209,0.3731440007686615,0,-0.0007859999896027148,-0.3731650114059448,0.9277650117874146,0,0.013399999588727951,3.520699977874756,0,1,0.9999750256538391,0.007007999811321497,-0.0002209999947808683,0,-0.007007999811321497,0.9999750256538391,0,0,0.0002209999947808683,0,1,0,-0.017899999395012856,3.274600028991699,0,1,0.9825350046157837,-0.1841599941253662,-0.026660000905394554,0,0.1741739958524704,0.8597570061683655,0.48008400201797485,0,-0.06549099832773209,-0.4763430058956146,0.876816987991333,0,1.1241999864578247,10.177499771118164,-0.24969999492168427,1,0.9997479915618896,0.02243800088763237,0.0005670000100508332,0,-0.019311999902129173,0.8470540046691895,0.5311560034751892,0,0.01143800001591444,-0.5310329794883728,0.8472740054130554,0,-0.008500000461935997,2.742300033569336,0,1,0.9998610019683838,0.016658000648021698,0.0011370000429451466,0,-0.016658000648021698,0.9998610019683838,-0.000012999999853491317,0,-0.0011370000429451466,-0.000006000000212225132,0.9999989867210388,0,-0.015399999916553497,2.8440001010894775,0,1,0.9689260125160217,-0.2413419932126999,-0.05418200045824051,0,0.23340600728988647,0.819595992565155,0.5232440233230591,0,-0.08187299966812134,-0.519631028175354,0.8504589796066284,0,3.4679999351501465,9.103500366210938,-0.039799999445676804,1,0.9974790215492249,0.07096800208091736,0.00004199999966658652,0,-0.054784998297691345,0.7696499824523926,0.6361119747161865,0,0.045111000537872314,-0.6345099806785583,0.7715970277786255,0,0.0034000000450760126,2.641700029373169,0,1,0.9999229907989502,0.012418000027537346,-0.000048000001697801054,0,-0.012418000027537346,0.9999229907989502,0,0,0.000048000001697801054,0,1,0,-0.014100000262260437,2.2011001110076904,0,1,0.13857099413871765,-0.027860000729560852,0.9899610280990601,0,-0.8585159778594971,-0.5016999840736389,0.10605300217866898,0,0.4937080144882202,-0.8645930290222168,-0.0934389978647232,0,-7.849699974060059,14.77750015258789,-0.14710000157356262,1,0.9060270190238953,0.4109880030155182,-0.1010110005736351,0,-0.251677006483078,0.7151060104370117,0.6521369814872742,0,0.340254008769989,-0.5654309988021851,0.7513419985771179,0,0,16.612699508666992,0,1,0.7421870231628418,-0.6629999876022339,-0.09792900085449219,0,0.6700059771537781,0.7374690175056458,0.08504299819469452,0,0.015836000442504883,-0.12873099744319916,0.991553008556366,0,0,22.570600509643555,0,1,0.9813830256462097,-0.119439996778965,0.15040600299835205,0,0.07872799783945084,0.9644650220870972,0.25220799446105957,0,-0.17518499493598938,-0.2356709986925125,0.9559130072593689,0,0,23.49340057373047,0,1,0.9372169971466064,-0.3406220078468323,-0.07483699917793274,0,0.3428660035133362,0.8607079982757568,0.3763299882411957,0,-0.06377299875020981,-0.3783619999885559,0.9234579801559448,0,3.0255000591278076,3.211699962615967,1.4098999500274658,1,0.9882190227508545,0.15261299908161163,-0.011536999605596066,0,-0.15267600119113922,0.9882649779319763,-0.004772000014781952,0,0.010672999545931816,0.006477000191807747,0.999921977519989,0,0.696399986743927,3.639699935913086,0,1,0.9771400094032288,-0.21258999407291412,-0.0016980000073090196,0,0.21258899569511414,0.9771419763565063,-0.00041700000292621553,0,0.0017480000387877226,0.00004600000102072954,0.9999979734420776,0,-0.08560000360012054,3.2702999114990234,0,1,0.9968060255050659,-0.07720299810171127,-0.02042599953711033,0,0.07801900058984756,0.9960370063781738,0.04269599914550781,0,0.017048999667167664,-0.04415300115942955,0.9988790154457092,0,3.771899938583374,10.28030014038086,0.09109999984502792,1,0.9995290040969849,0.030446000397205353,0.003792000003159046,0,-0.03023100085556507,0.956250011920929,0.29098600149154663,0,0.005233000032603741,-0.29096299409866333,0.9567199945449829,0,-0.013500000350177288,3.08870005607605,0,1,0.9999979734420776,0.001841000048443675,-0.00008399999933317304,0,-0.001841000048443675,0.9999979734420776,0,0,0.00008399999933317304,0,1,0,0.004900000058114529,2.968600034713745,0,1,0.9989460110664368,-0.04322800040245056,-0.015452000312507153,0,0.045340001583099365,0.9817559719085693,0.18466199934482574,0,0.007187999784946442,-0.18516799807548523,0.9826809763908386,0,0.9696000218391418,10.202899932861328,-0.3716000020503998,1,0.9998440146446228,-0.016214000061154366,-0.007062999997287989,0,0.01755099929869175,0.8606290221214294,0.5089300274848938,0,-0.0021730000153183937,-0.508974015712738,0.8607789874076843,0,-0.009499999694526196,3.4802000522613525,0,1,0.999987006187439,-0.005022999830543995,0.00013699999544769526,0,0.005022999830543995,0.999987006187439,0,0,-0.00013699999544769526,0,1,0,0.012799999676644802,3.263000011444092,0,1,0.9985430240631104,0.047446999698877335,0.02571200020611286,0,-0.053275998681783676,0.9426530003547668,0.32949599623680115,0,-0.008604000322520733,-0.3303860127925873,0.9438070058822632,0,-1.2293000221252441,10.39229965209961,-0.2087000012397766,1,0.9988539814949036,-0.046824999153614044,-0.009913000278174877,0,0.0431860014796257,0.7924230098724365,0.6084409952163696,0,-0.020634999498724937,-0.6081719994544983,0.7935370206832886,0,0.002899999963119626,2.884500026702881,0,1,0.999983012676239,-0.0057680001482367516,-0.00013899999612476677,0,0.0057680001482367516,0.999983012676239,0,0,0.00013899999612476677,0,1,0,0.005400000140070915,2.646399974822998,0,1,0.9947180151939392,0.09101500362157822,0.047453999519348145,0,-0.10209199786186218,0.9251160025596619,0.3657020032405853,0,-0.010615999810397625,-0.3686150014400482,0.9295219779014587,0,-3.512200117111206,9.241800308227539,-0.02889999933540821,1,0.9930840134620667,-0.11625000089406967,-0.01644900068640709,0,0.09836599975824356,0.7473229765892029,0.657139003276825,0,-0.0640999972820282,-0.654213011264801,0.7535889744758606,0,-0.0035000001080334187,2.5352001190185547,0,1,0.9999489784240723,-0.01014500018209219,0.00005199999941396527,0,0.01014500018209219,0.9999489784240723,0,0,-0.00005199999941396527,0,1,0,0.012000000104308128,2.26990008354187,0,1,-0.9604089856147766,-0.19558000564575195,0.19839900732040405,0,0.2569029927253723,-0.8972309827804565,0.3591330051422119,0,0.10777000337839127,0.3958840072154999,0.9119549989700317,0,9.840399742126465,-6.511499881744385,0.9520000219345093,1,0.9631230235099792,-0.18437999486923218,-0.19595499336719513,0,0.04053200036287308,0.8194029927253723,-0.5717830061912537,0,0.2659910023212433,0.5427550077438354,0.796658992767334,0,0,41.17900085449219,0,1,0.9951890110969543,-0.07103600353002548,0.06746699661016464,0,-0.021470999345183372,0.5137689709663391,0.8576599955558777,0,-0.09558700025081635,-0.8549820184707642,0.5097730159759521,0,0,35.32469940185547,0,1,0.9986799955368042,-0.03624400123953819,0.036403998732566833,0,0.0012629999546334147,0.7257699966430664,0.687936007976532,0,-0.05135500058531761,-0.6869819760322571,0.7248579859733582,0,0,19.662200927734375,0,1,-0.9348430037498474,0.2561819851398468,-0.24584299325942993,0,-0.2539680004119873,-0.9663329720497131,-0.04123000055551529,0,-0.2481279969215393,0.023892000317573547,0.9684320092201233,0,-9.840399742126465,-6.511499881744385,0.2425999939441681,1,0.9896420240402222,-0.056777000427246094,-0.13185299932956696,0,-0.026808999478816986,0.8292139768600464,-0.5582879781723022,0,0.14103199541568756,0.5560399889945984,0.8191030025482178,0,0,41.14780044555664,0,1,0.9640640020370483,0.26441100239753723,-0.025839999318122864,0,-0.03596099838614464,0.2262430042028427,0.973406970500946,0,0.2632249891757965,-0.9374970197677612,0.22762100398540497,0,0,35.326698303222656,0,1,0.9957200288772583,0.0013460000045597553,-0.09241499751806259,0,0.06062500178813934,0.7452219724655151,0.6640549898147583,0,0.06976400315761566,-0.6668149828910828,0.7419509887695312,0,0,20.054500579833984,0,1
K0.033,0.7315019965171814,0.0026950000319629908,0.681833028793335,0,0.05113500356674194,0.9969589710235596,-0.05880000442266464,0,-0.6799190044403076,0.07787799835205078,0.7291399836540222,0,0.6019391417503357,90.71421813964844,-1.4744590520858765,1,0.9967929720878601,-0.013876000419259071,-0.07881300151348114,0,0.018218999728560448,0.9983389973640442,0.05465500056743622,0,0.07792399823665619,-0.05591500177979469,0.995389997959137,0,0,11.752699851989746,-0.5351999998092651,1,0.9861840009689331,-0.012968000024557114,-0.1651429980993271,0,0.04586999863386154,0.9793260097503662,0.1970209926366806,0,0.15917399525642395,-0.2018740028142929,0.9663900136947632,0,0,13.725600242614746,0,1,0.9861840009689331,-0.012968000024557114,-0.1651429980993271,0,0.04586999863386154,0.9793260097503662,0.1970209926366806,0,0.15917399525642395,-0.2018740028142929,0.9663900136947632,0,0,15.686400413513184,0,1,0.9999719858169556,0.00118499924428761,0.007441999856382608,0,-0.0013389992527663708,0.9997860193252563,0.020660003647208214,0,-0.007416000124067068,-0.020669003948569298,0.9997590184211731,0,0,17.647199630737305,0,1,0.9999719858169556,0.0015219992492347956,0.007381000090390444,0,-0.0013389992527663708,0.9996899962425232,-0.024841995909810066,0,-0.007416000124067068,0.024830996990203857,0.9996640086174011,0,0,5.016600131988525,1.8802000284194946,1,-0.00786999985575676,0.026649000123143196,-0.9996140003204346,0,0.8859580159187317,-0.46336299180984497,-0.019328000023961067,0,-0.46369999647140503,-0.8857679963111877,-0.019964000210165977,0,7.849699974060059,14.776000022888184,-0.11429999768733978,1,0.9750360250473022,0.02062000147998333,0.22108900547027588,0,-0.1684429943561554,0.717441976070404,0.6759470105171204,0,-0.144679993391037,-0.6963130235671997,0.7030050158500671,0,0,16.612699508666992,0,1,0.6651390194892883,0.7396829724311829,-0.10227099806070328,0,-0.7395150065422058,0.6714940071105957,0.047054000198841095,0,0.10347999632358551,0.04433299973607063,0.9936429858207703,0,0,22.575599670410156,0,1,0.9611759781837463,-0.103302001953125,-0.2558709979057312,0,0.018667005002498627,0.9494979977607727,-0.3132160007953644,0,0.27530500292778015,0.29627999663352966,0.914563000202179,0,0,23.494800567626953,0,1,0.9117019772529602,0.3556840121746063,-0.2056410163640976,0,-0.1999329924583435,0.8213499784469604,0.5342389941215515,0,0.3589229881763458,-0.44595301151275635,0.8199390172958374,0,-2.9351999759674072,2.980299949645996,1.212499976158142,1,0.9789230227470398,0.20407399535179138,0.008003000169992447,0,-0.2039400041103363,0.9788690209388733,-0.014975998550653458,0,-0.010889999568462372,0.013027997687458992,0.9998559951782227,0,-0.6079999804496765,3.4307000637054443,0,1,0.9907619953155518,0.13549800217151642,0.00559999980032444,0,-0.13549500703811646,0.9907780289649963,-0.0009430000209249556,0,-0.005675999913364649,0.00017499999376013875,0.9999840259552002,0,0.10520000010728836,3.407099962234497,0,1,0.9740170240402222,0.22611500322818756,0.012795999646186829,0,-0.22645799815654755,0.973110020160675,0.04211801290512085,0,-0.0029289978556334972,-0.04392201080918312,0.9990310072898865,0,-3.5720999240875244,9.847399711608887,0.14309999346733093,1,0.9994680285453796,-0.03247600048780441,-0.002995000220835209,0,0.03200099989771843,0.9588209986686707,0.28220200538635254,0,-0.006293000187724829,-0.28214699029922485,0.9593499898910522,0,0.02370000071823597,3.3194000720977783,0,1,1,-0.00041099998634308577,0.000022000011085765436,0,0.00041099998634308577,1,0,0,-0.000022000011085765436,0,1,0,-0.01209999993443489,3.0680999755859375,0,1,0.9970239996910095,-0.07214698940515518,-0.027154000476002693,0,0.07631199061870575,0.9735680222511292,0.21526999771595,0,0.010904999449849129,-0.21670199930667877,0.9761769771575928,0,-1.0200999975204468,10.081199645996094,-0.2759000062942505,1,0.9999610185623169,0.007868999615311623,0.004013000056147575,0,-0.008798000402748585,0.9276710152626038,0.37329599261283875,0,-0.0007849999819882214,-0.37331700325012207,0.9277039766311646,0,0.013399999588727951,3.520699977874756,0,1,0.9999750256538391,0.007007999811321497,-0.00022199998784344643,0,-0.007007999811321497,0.9999750256538391,0,0,0.00022199998784344643,0,1,0,-0.017899999395012856,3.274600028991699,0,1,0.982574999332428,-0.18395599722862244,-0.02659899741411209,0,0.17394299805164337,0.8596320152282715,0.4803920090198517,0,-0.0655059963464737,-0.4766480028629303,0.8766499757766724,0,1.1241999864578247,10.177499771118164,-0.24969999492168427,1,0.9997479915618896,0.022446999326348305,0.0005710000405088067,0,-0.019318999722599983,0.8469190001487732,0.5313699841499329,0,0.011443999595940113,-0.5312470197677612,0.8471400141716003,0,-0.008500000461935997,2.742300033569336,0,1,0.9998610019683838,0.016658000648021698,0.0011370000429451466,0,-0.016658000648021698,0.9998610019683838,-0.000012999999853491317,0,-0.0011370000429451466,-0.000006000000212225132,0.9999989867210388,0,-0.015399999916553497,2.8440001010894775,0,1,0.9689509868621826,-0.24125100672245026,-0.054145000874996185,0,0.23325499892234802,0.8192710280418396,0.5238199830055237,0,-0.08201300352811813,-0.5201849937438965,0.8501060009002686,0,3.4679999351501465,9.103500366210938,-0.039799999445676804,1,0.9974769949913025,0.07098899781703949,0.000057000081142177805,0,-0.0547959990799427,0.7694380283355713,0.6363670229911804,0,0.045131001621484756,-0.6347640156745911,0.771386981010437,0,0.0034000000450760126,2.641700029373169,0,1,0.9999229907989502,0.012418000027537346,-0.00004899998748442158,0,-0.012418000027537346,0.9999229907989502,0,0,0.00004899998748442158,0,1,0,-0.014100000262260437,2.2011001110076904,0,1,0.1382479965686798,-0.027876000851392746,0.9900050163269043,0,-0.858905017375946,-0.5010809898376465,0.10583199560642242,0,0.49312201142311096,-0.864952027797699,-0.09321599453687668,0,-7.849699974060059,14.77750015258789,-0.14710000157356262,1,0.9062740206718445,0.41049298644065857,-0.1008099913597107,0,-0.25134700536727905,0.7151029706001282,0.6522679924964905,0,0.33984100818634033,-0.5657950043678284,0.7512549757957458,0,0,16.612699508666992,0,1,0.7420849800109863,-0.6631900072097778,-0.09740899503231049,0,0.6701390147209167,0.7372649908065796,0.08576001226902008,0,0.014940982684493065,-0.12891900539398193,0.9915429949760437,0,0,22.570600509643555,0,1,0.9814890027046204,-0.11904199421405792,0.15002498030662537,0,0.07855799049139023,0.9646620154380798,0.2515060007572174,0,-0.1746629923582077,-0.23506498336791992,0.9561570286750793,0,0,23.49340057373047,0,1,0.9378309845924377,-0.33862900733947754,-0.07618200778961182,0,0.34164300560951233,0.861856997013092,0.37480899691581726,0,-0.06126398965716362,-0.37753400206565857,0.9239670038223267,0,3.0255000591278076,3.211699962615967,1.4098999500274658,1,0.988228976726532,0.1525920182466507,-0.010876000858843327,0,-0.15263701975345612,0.9882760047912598,-0.0034289900213479996,0,0.010225002653896809,0.005047990474849939,0.99993497133255,0,0.696399986743927,3.639699935913086,0,1,0.9771400094032288,-0.21258999407291412,-0.0016980000073090196,0,0.21258899569511414,0.9771419763565063,-0.00041599999531172216,0,0.0017480000387877226,0.00004600000102072954,0.9999979734420776,0,-0.08560000360012054,3.2702999114990234,0,1,0.9967790246009827,-0.0775429978966713,-0.020455999299883842,0,0.07833600044250488,0.9960709810256958,0.04131397604942322,0,0.01717200130224228,-0.0427829772233963,0.9989370107650757,0,3.771899938583374,10.28030014038086,0.09109999984502792,1,0.999530017375946,0.030412999913096428,0.0037810001522302628,0,-0.03020000085234642,0.9564329981803894,0.29038599133491516,0,0.00521499989554286,-0.29036399722099304,0.956902027130127,0,-0.013500000350177288,3.08870005607605,0,1,0.9999979734420776,0.001841000048443675,-0.00008499999239575118,0,-0.001841000048443675,0.9999979734420776,0,0,0.00008499999239575118,0,1,0,0.004900000058114529,2.968600034713745,0,1,0.9989569783210754,-0.04298599809408188,-0.015407999977469444,0,0.04509999603033066,0.98163902759552,0.1853419989347458,0,0.007158000022172928,-0.18584400415420532,0.9825530052185059,0,0.9696000218391418,10.202899932861328,-0.3716000020503998,1,0.9998440146446228,-0.016174999997019768,-0.007044000085443258,0,0.017510000616312027,0.8611310124397278,0.5080819725990295,0,-0.0021520000882446766,-0.5081260204315186,0.8612800240516663,0,-0.009499999694526196,3.4802000522613525,0,1,0.999987006187439,-0.005022999830543995,0.00013699998089578003,0,0.005022999830543995,0.999987006187439,0,0,-0.00013699998089578003,0,1,0,0.012799999676644802,3.263000011444092,0,1,0.9985330104827881,0.04761800542473793,0.02575800009071827,0,-0.05345200374722481,0.9426400065422058,0.32950499653816223,0,-0.008590999990701675,-0.3303990066051483,0.943801999092102,0,-1.2293000221252441,10.39229965209961,-0.2087000012397766,1,0.9988570213317871,-0.0467739999294281,-0.009875999763607979,0,0.043140001595020294,0.792913019657135,0.6078060269355774,0,-0.02059900015592575,-0.6075369715690613,0.7940239906311035,0,0.002899999963119626,2.884500026702881,0,1,0.999983012676239,-0.0057680001482367516,-0.00013899999612476677,0,0.0057680001482367516,0.999983012676239,0,0,0.00013899999612476677,0,1,0,0.005400000140070915,2.646399974822998,0,1,0.9947220087051392,0.09098300337791443,0.04744099825620651,0,-0.10206100344657898,0.9250329732894897,0.3659209907054901,0,-0.010591999627649784,-0.36883100867271423,0.9294360280036926,0,-3.512200117111206,9.241800308227539,-0.02889999933540821,1,0.9930779933929443,-0.11629199981689453,-0.016482999548316002,0,0.09839600324630737,0.7470769882202148,0.657414972782135,0,-0.0641380026936531,-0.6544860005378723,0.7533490061759949,0,-0.0035000001080334187,2.5352001190185547,0,1,0.9999489784240723,-0.01014500018209219,0.00005199999941396527,0,0.01014500018209219,0.9999489784240723,0,0,-0.00005199999941396527,0,1,0,0.012000000104308128,2.26990008354187,0,1,-0.9603989720344543,-0.19564099609851837,0.19839100539684296,0,0.25688299536705017,-0.8974890112876892,0.3585050106048584,0,0.10791599750518799,0.3952710032463074,0.9122040271759033,0,9.840399742126465,-6.511499881744385,0.9520000219345093,1,0.9631909728050232,-0.18397299945354462,-0.19600200653076172,0,0.040396999567747116,0.8199059963226318,-0.5710710287094116,0,0.2657650113105774,0.5421320199966431,0.7971590161323547,0,0,41.17900085449219,0,1,0.9951750040054321,-0.0712750032544136,0.06742899864912033,0,-0.02126299776136875,0.5142369866371155,0.8573840260505676,0,-0.0957849994301796,-0.8546810150146484,0.5102400183677673,0,0,35.32469940185547,0,1,0.998691976070404,-0.03608299791812897,0.036212995648384094,0,0.0012890006182715297,0.7259290218353271,0.6877679824829102,0,-0.051104992628097534,-0.6868219971656799,0.72502601146698,0,0,19.662200927734375,0,1,-0.9348210096359253,0.25633201003074646,-0.24577200412750244,0,-0.2540839910507202,-0.9662969708442688,-0.04138200357556343,0,-0.24809600412845612,0.023761998862028122,0.9684439897537231,0,-9.840399742126465,-6.511499881744385,0.2425999939441681,1,0.9896900057792664,-0.05641699582338333,-0.13164600729942322,0,-0.02694300189614296,0.8294090032577515,-0.5579910278320312,0,0.14066900312900543,0.5557850003242493,0.8193380236625671,0,0,41.14780044555664,0,1,0.964156985282898,0.26406699419021606,-0.02587900124490261,0,-0.03595000132918358,0.2266480028629303,0.9733129739761353,0,0.2628859877586365,-0.9374960064888,0.22801700234413147,0,0,35.326698303222656,0,1,0.9957200288772583,0.0013460000045597553,-0.09241600334644318,0,0.06062600016593933,0.7452219724655151,0.6640549898147583,0,0.06976400315761566,-0.6668149828910828,0.7419509887695312,0,0,20.054500579833984,0,1
